Filename	A75V25-2
Instrument name	4020-0324
Operator	AD
rundate	9/22/2026
Sample name	A75V25-2
Geometry name	Tension fixture (rectangle)
Procedure name	AutoTension AutoStrain Settings
	TMA IsoForce Temperature Ramp
	Flow Axial Test
	Standard Oscillatory Temperature Sweep
proceduresegments	TMA IsoForce Temperature Ramp#Flow Axial Test#Standard Oscillatory Temperature Sweep
[File Parameters]
Name	A75V25-2
Instrument type	RSAG2
Instrument serial number	4020-0324
Instrument name	4020-0324
Instrument location	Univ of Colorado
Company name	Univ of Colorado
Trios version	5.1.1.46572
File name	C:\ProgramData\TA Instruments\TRIOS\Data\Alex\A75V25-2.tri
Run date	9/22/2026 9:22:18 AM
Time at start of test	24.9083
[Geometry Parameters]
Geometry Type	Linear tension
Name	Tension fixture (rectangle)
Length	8.0 mm
Width	3.0 mm
Thickness	1.0 mm
Loading gap	8.0 mm
Notes	


[Geometry Extended Parameters]
Expansion coefficient	2.6 µm/°C
Move stage to maintain starting gap	Passive
Orientation Angle	0.0
Upper Compliance	0.0 µm/kg
Lower Compliance	0.0 µm/kg
Upper Geometry Mass	95.62 g
Stress constant (linear)	333333 Pa/N
Strain constant (linear)	125.0 1/m
[Instrument Parameters]
GapZeroSetback	1000 [mm]
GapFast	0.0100000
GapSlow	1.00000e-5
Temperature limit	620.000 [°C]
[Firmware Versions]
Code Image Loader	V2018.5.29
Main Embedded Kernel	V2019.10.10
Power Board	V2017.1.11
Linear Encoder Board	V2017.1.11
Stepper / Rear Panel Board	V2017.1.11
Phase Fire Board	V2019.7.19
FCO PRT Board	V2011.9.7
[Calibration Date Information]
Phase angle correction calibration	8/7/2019 6:40 PM
Transducer static normal calibration	5/3/2024 1:39 PM
Filter lag correction calibration	3/2/2018 1:31 PM
Motor torque/motor force constant calibration	3/2/2018 12:07 PM
Actuator deflection scale constant calibration	3/2/2018 12:58 PM
Magnet temperature scaling factor calibration	3/6/2018 8:43 AM
Programmable gain amplifier calibration	3/2/2018 1:15 PM
[Calibration Parameters]
SPFrtScaleLow	370.8792
SPFrtScaleMid	3708.792
Transducer full scale	3708.792
SPNrmScale	1.549643
SPXducerMass	555.4000
SPXducerNormDamping	-0.93000
SPXducerNormSpringConst	1.500000
[Temperature Control Information]
TempOffsetTbl01	FCO/Upper Tool PRT offset 
TempOffsetTbl02	FCO/Lower Tool PRT offset 
TempOffsetTbl03	FCO/Middle PRT offset 
Temperature option	None
[step]
Temperature Ramp IsoForce - 1
Step time	Temperature	Strain	Stress	Modulus	Delta length	Gap	Force
s	°C	%	kPa	kPa	mm	mm	N
0.500167	19.57	1.49343	-484.559	-32446.0	0.119525	8.12289	-1.45368
1.50017	19.55	1.54813	-495.100	-31980.6	0.123902	8.12727	-1.48530
2.50017	19.51	1.58646	-493.594	-31112.9	0.126970	8.13034	-1.48078
3.50017	19.45	1.61992	-495.019	-30558.2	0.129648	8.13302	-1.48506
4.50017	19.37	1.65094	-494.630	-29960.6	0.132131	8.13550	-1.48389
5.50017	19.30	1.68168	-493.785	-29362.6	0.134591	8.13796	-1.48136
6.50017	19.20	1.70798	-493.718	-28906.5	0.136696	8.14006	-1.48115
7.50017	19.09	1.73382	-494.733	-28534.2	0.138764	8.14213	-1.48420
8.50017	18.98	1.75899	-494.659	-28121.8	0.140779	8.14415	-1.48398
9.50017	18.89	1.78233	-494.670	-27754.1	0.142647	8.14602	-1.48401
10.5002	18.78	1.80477	-494.608	-27405.6	0.144443	8.14781	-1.48382
11.5002	18.69	1.82492	-494.044	-27072.1	0.146055	8.14942	-1.48213
12.5002	18.60	1.84066	-491.217	-26687.0	0.147315	8.15068	-1.47365
13.5002	18.50	1.85620	-490.397	-26419.4	0.148559	8.15193	-1.47119
14.5002	18.43	1.87410	-492.225	-26264.6	0.149991	8.15336	-1.47667
15.5002	18.34	1.89403	-494.649	-26116.1	0.151587	8.15496	-1.48395
16.5002	18.27	1.90958	-494.265	-25883.4	0.152831	8.15620	-1.48280
17.5002	18.19	1.92462	-494.365	-25686.4	0.154035	8.15740	-1.48310
18.5002	18.13	1.93925	-494.180	-25483.0	0.155206	8.15857	-1.48254
19.5002	18.07	1.95261	-494.072	-25303.1	0.156275	8.15964	-1.48221
20.5002	17.98	1.96686	-493.958	-25114.0	0.157415	8.16078	-1.48187
21.5002	17.89	1.97929	-493.868	-24951.8	0.158410	8.16178	-1.48160
22.5002	17.83	1.99178	-493.767	-24790.2	0.159410	8.16278	-1.48130
23.5002	17.74	2.00435	-494.011	-24646.9	0.160416	8.16378	-1.48203
24.5002	17.66	2.01554	-493.911	-24505.1	0.161311	8.16468	-1.48173
25.5002	17.57	2.02673	-493.968	-24372.7	0.162207	8.16558	-1.48190
26.5002	17.49	2.03781	-494.267	-24254.8	0.163094	8.16646	-1.48280
27.5002	17.40	2.04886	-494.079	-24114.9	0.163978	8.16735	-1.48224
28.5002	17.31	2.05802	-494.105	-24008.8	0.164711	8.16808	-1.48232
29.5002	17.22	2.06684	-494.146	-23908.3	0.165417	8.16879	-1.48244
30.5002	17.15	2.07704	-494.287	-23797.7	0.166233	8.16960	-1.48286
31.5002	17.05	2.08575	-493.863	-23677.9	0.166930	8.17030	-1.48159
32.5002	16.96	2.09482	-494.182	-23590.7	0.167656	8.17103	-1.48255
33.5002	16.87	2.10290	-494.202	-23501.0	0.168303	8.17167	-1.48261
34.5002	16.81	2.11103	-493.927	-23397.4	0.168954	8.17232	-1.48178
35.5002	16.75	2.11797	-493.993	-23323.9	0.169509	8.17288	-1.48198
36.5002	16.68	2.12549	-493.935	-23238.7	0.170111	8.17348	-1.48180
37.5002	16.60	2.13251	-494.027	-23166.5	0.170672	8.17404	-1.48208
38.5002	16.53	2.13895	-493.345	-23064.8	0.171188	8.17456	-1.48004
39.5002	16.44	2.14597	-494.013	-23020.5	0.171750	8.17512	-1.48204
40.5002	16.37	2.15299	-494.034	-22946.4	0.172312	8.17568	-1.48210
41.5002	16.28	2.15943	-493.828	-22868.5	0.172827	8.17620	-1.48148
42.5002	16.21	2.16554	-493.846	-22804.7	0.173316	8.17669	-1.48154
43.5002	16.15	2.17159	-493.738	-22736.2	0.173800	8.17717	-1.48121
44.5002	16.05	2.17731	-494.115	-22693.8	0.174258	8.17763	-1.48234
45.5002	15.97	2.18267	-493.623	-22615.5	0.174687	8.17806	-1.48087
46.5002	15.90	2.18814	-493.946	-22573.7	0.175125	8.17849	-1.48184
47.5002	15.82	2.19381	-494.051	-22520.2	0.175579	8.17895	-1.48215
48.5002	15.73	2.19913	-493.682	-22449.0	0.176004	8.17937	-1.48104
49.5002	15.65	2.20407	-493.818	-22404.8	0.176400	8.17977	-1.48145
50.5002	15.56	2.20910	-494.031	-22363.4	0.176803	8.18017	-1.48209
51.5002	15.49	2.21402	-494.004	-22312.5	0.177197	8.18057	-1.48201
52.5002	15.41	2.21859	-493.965	-22264.9	0.177562	8.18093	-1.48190
53.5002	15.34	2.22213	-493.551	-22210.8	0.177845	8.18121	-1.48065
54.5002	15.26	2.22685	-494.107	-22188.7	0.178223	8.18159	-1.48232
55.5002	15.19	2.23137	-494.144	-22145.3	0.178585	8.18195	-1.48243
56.5002	15.10	2.23610	-494.884	-22131.6	0.178964	8.18233	-1.48465
57.5002	15.04	2.23893	-493.548	-22043.9	0.179190	8.18256	-1.48064
58.5002	14.97	2.24007	-492.039	-21965.3	0.179281	8.18265	-1.47612
59.5002	14.90	2.24394	-491.740	-21914.1	0.179591	8.18296	-1.47522
60.5002	14.83	2.24878	-493.583	-21948.9	0.179978	8.18335	-1.48075
61.5002	14.75	2.25298	-494.492	-21948.4	0.180314	8.18368	-1.48348
62.5002	14.67	2.25543	-493.606	-21885.2	0.180511	8.18388	-1.48082
63.5002	14.59	2.25816	-493.219	-21841.6	0.180729	8.18410	-1.47966
64.5002	14.50	2.26079	-492.737	-21794.9	0.180940	8.18431	-1.47821
65.5002	14.42	2.26338	-492.297	-21750.5	0.181147	8.18452	-1.47689
66.5002	14.33	2.26597	-492.122	-21718.0	0.181354	8.18472	-1.47637
67.5002	14.25	2.26986	-493.902	-21759.1	0.181665	8.18503	-1.48170
68.5002	14.18	2.27269	-493.565	-21717.3	0.181891	8.18526	-1.48070
69.5002	14.07	2.27552	-493.403	-21683.1	0.182118	8.18549	-1.48021
70.5002	13.99	2.27914	-493.717	-21662.4	0.182408	8.18578	-1.48115
71.5002	13.90	2.28113	-493.572	-21637.1	0.182568	8.18594	-1.48072
72.5002	13.83	2.28396	-493.866	-21623.2	0.182794	8.18616	-1.48160
73.5002	13.74	2.28735	-494.280	-21609.3	0.183065	8.18643	-1.48284
74.5002	13.67	2.28950	-494.300	-21589.9	0.183237	8.18661	-1.48290
75.5002	13.60	2.29139	-494.357	-21574.5	0.183389	8.18676	-1.48307
76.5002	13.54	2.29391	-494.893	-21574.2	0.183590	8.18696	-1.48468
77.5002	13.46	2.29603	-494.913	-21555.2	0.183760	8.18713	-1.48474
78.5002	13.38	2.29776	-495.279	-21554.9	0.183898	8.18727	-1.48584
79.5002	13.29	2.30156	-496.014	-21551.2	0.184202	8.18757	-1.48804
80.5002	13.22	2.30397	-496.419	-21546.3	0.184395	8.18776	-1.48926
81.5002	13.12	2.30700	-497.196	-21551.6	0.184638	8.18801	-1.49159
82.5002	13.05	2.30953	-497.316	-21533.2	0.184840	8.18821	-1.49195
83.5002	12.98	2.31190	-497.573	-21522.2	0.185030	8.18840	-1.49272
84.5002	12.88	2.31451	-498.837	-21552.6	0.185239	8.18861	-1.49651
85.5002	12.78	2.31762	-499.732	-21562.3	0.185488	8.18886	-1.49920
86.5002	12.68	2.32079	-500.651	-21572.4	0.185741	8.18911	-1.50195
87.5002	12.59	2.32417	-500.979	-21555.1	0.186012	8.18938	-1.50294
88.5002	12.49	2.32426	-497.957	-21424.3	0.186019	8.18939	-1.49387
89.5002	12.44	2.32491	-496.392	-21351.0	0.186071	8.18944	-1.48918
90.5002	12.37	2.32490	-495.350	-21306.3	0.186070	8.18944	-1.48605
91.5002	12.28	2.32564	-495.236	-21294.6	0.186130	8.18950	-1.48571
92.5002	12.21	2.32595	-494.691	-21268.3	0.186154	8.18952	-1.48407
93.5002	12.15	2.32739	-494.923	-21265.1	0.186270	8.18964	-1.48477
94.5002	12.08	2.32916	-496.795	-21329.4	0.186411	8.18978	-1.49039
95.5002	11.99	2.33192	-498.910	-21394.8	0.186632	8.19000	-1.49673
96.5002	11.91	2.33246	-497.144	-21314.2	0.186675	8.19004	-1.49143
97.5002	11.84	2.33480	-499.344	-21387.0	0.186863	8.19023	-1.49803
98.5002	11.74	2.33694	-499.803	-21387.1	0.187034	8.19040	-1.49941
99.5002	11.67	2.33924	-501.409	-21434.7	0.187218	8.19059	-1.50423
100.500	11.57	2.34187	-502.839	-21471.7	0.187428	8.19080	-1.50852
101.500	11.49	2.34229	-500.139	-21352.6	0.187462	8.19083	-1.50042
102.500	11.39	2.34367	-499.426	-21309.6	0.187572	8.19094	-1.49828
103.500	11.30	2.34381	-497.639	-21232.0	0.187584	8.19095	-1.49292
104.500	11.22	2.34405	-497.087	-21206.4	0.187603	8.19097	-1.49126
105.500	11.14	2.34467	-497.082	-21200.5	0.187653	8.19102	-1.49125
106.500	11.07	2.34544	-497.462	-21209.7	0.187715	8.19108	-1.49239
107.500	10.97	2.34575	-496.839	-21180.4	0.187739	8.19111	-1.49052
108.500	10.89	2.34641	-496.601	-21164.3	0.187792	8.19116	-1.48980
109.500	10.80	2.34683	-496.286	-21147.1	0.187825	8.19119	-1.48886
110.500	10.74	2.34708	-496.146	-21138.9	0.187845	8.19121	-1.48844
111.500	10.68	2.34703	-495.216	-21099.7	0.187841	8.19121	-1.48565
112.500	10.58	2.34767	-496.359	-21142.6	0.187893	8.19126	-1.48908
113.500	10.50	2.34889	-497.545	-21182.2	0.187990	8.19136	-1.49264
114.500	10.43	2.34910	-496.150	-21120.8	0.188007	8.19138	-1.48845
115.500	10.34	2.34953	-495.747	-21099.8	0.188042	8.19141	-1.48724
116.500	10.24	2.35035	-495.842	-21096.5	0.188107	8.19148	-1.48752
117.500	10.16	2.35050	-495.246	-21069.9	0.188119	8.19149	-1.48574
118.500	10.09	2.35206	-497.115	-21135.3	0.188244	8.19161	-1.49134
119.500	9.97	2.35489	-501.733	-21306.0	0.188471	8.19184	-1.50520
120.500	9.86	2.35545	-499.686	-21214.0	0.188516	8.19189	-1.49906
121.500	9.75	2.35576	-498.209	-21148.5	0.188540	8.19191	-1.49463
122.500	9.68	2.35524	-496.002	-21059.5	0.188498	8.19187	-1.48800
123.500	9.58	2.35569	-495.765	-21045.4	0.188535	8.19190	-1.48730
124.500	9.52	2.35481	-493.798	-20969.7	0.188464	8.19183	-1.48139
125.500	9.46	2.35578	-496.398	-21071.5	0.188541	8.19191	-1.48919
126.500	9.38	2.35821	-501.498	-21266.1	0.188736	8.19211	-1.50449
127.500	9.31	2.36096	-505.386	-21406.0	0.188956	8.19233	-1.51616
128.500	9.24	2.36329	-506.964	-21451.6	0.189143	8.19251	-1.52089
129.500	9.15	2.36545	-509.270	-21529.5	0.189316	8.19269	-1.52781
130.500	9.09	2.36270	-498.530	-21100.0	0.189096	8.19246	-1.49559
131.500	9.00	2.35909	-492.430	-20873.8	0.188807	8.19218	-1.47729
132.500	8.91	2.35954	-495.478	-20998.9	0.188843	8.19221	-1.48644
133.500	8.85	2.35833	-493.514	-20926.4	0.188746	8.19211	-1.48054
134.500	8.78	2.35803	-493.706	-20937.2	0.188722	8.19209	-1.48112
135.500	8.70	2.35839	-494.748	-20978.3	0.188750	8.19212	-1.48425
136.500	8.61	2.35817	-493.401	-20923.0	0.188733	8.19210	-1.48020
137.500	8.52	2.35856	-493.897	-20940.6	0.188765	8.19213	-1.48169
138.500	8.43	2.35873	-494.192	-20951.6	0.188778	8.19215	-1.48258
139.500	8.35	2.35869	-493.932	-20940.9	0.188775	8.19214	-1.48180
140.500	8.26	2.35912	-494.462	-20959.5	0.188809	8.19218	-1.48338
141.500	8.18	2.35835	-493.566	-20928.4	0.188747	8.19212	-1.48070
142.500	8.08	2.35868	-494.890	-20981.6	0.188774	8.19214	-1.48467
143.500	8.01	2.35866	-494.249	-20954.7	0.188772	8.19214	-1.48275
144.500	7.93	2.35878	-493.247	-20911.1	0.188782	8.19215	-1.47974
145.500	7.84	2.35949	-496.239	-21031.6	0.188839	8.19221	-1.48872
146.500	7.76	2.35836	-493.954	-20944.8	0.188748	8.19212	-1.48186
147.500	7.68	2.35878	-494.759	-20975.2	0.188782	8.19215	-1.48428
148.500	7.58	2.35821	-494.105	-20952.6	0.188736	8.19211	-1.48232
149.500	7.49	2.35923	-495.270	-20992.9	0.188818	8.19219	-1.48581
150.500	7.41	2.35933	-495.123	-20985.8	0.188826	8.19219	-1.48537
151.500	7.34	2.35855	-493.878	-20939.9	0.188764	8.19213	-1.48163
152.500	7.22	2.35940	-495.781	-21013.0	0.188831	8.19220	-1.48734
153.500	7.14	2.35856	-493.952	-20942.9	0.188765	8.19213	-1.48185
154.500	7.05	2.35861	-494.881	-20981.9	0.188768	8.19214	-1.48464
155.500	6.99	2.35833	-494.111	-20951.8	0.188746	8.19211	-1.48233
156.500	6.91	2.35828	-494.261	-20958.5	0.188742	8.19211	-1.48278
157.500	6.82	2.35792	-494.589	-20975.6	0.188713	8.19208	-1.48377
158.500	6.75	2.35804	-494.621	-20975.9	0.188723	8.19209	-1.48386
159.500	6.69	2.35778	-493.878	-20946.8	0.188702	8.19207	-1.48163
160.500	6.59	2.35752	-494.541	-20977.2	0.188681	8.19205	-1.48362
161.500	6.48	2.35778	-494.403	-20969.0	0.188702	8.19207	-1.48321
162.500	6.39	2.35757	-494.831	-20989.0	0.188685	8.19205	-1.48449
163.500	6.31	2.35728	-494.259	-20967.4	0.188662	8.19203	-1.48278
164.500	6.22	2.35738	-495.080	-21001.2	0.188670	8.19204	-1.48524
165.500	6.13	2.35635	-493.848	-20958.2	0.188587	8.19196	-1.48154
166.500	6.03	2.35594	-493.858	-20962.2	0.188555	8.19192	-1.48157
167.500	5.93	2.35587	-493.379	-20942.5	0.188549	8.19192	-1.48014
168.500	5.86	2.35629	-493.783	-20956.0	0.188582	8.19195	-1.48135
169.500	5.80	2.35712	-494.867	-20994.6	0.188649	8.19202	-1.48460
170.500	5.72	2.35630	-493.820	-20957.4	0.188583	8.19195	-1.48146
171.500	5.61	2.35654	-493.719	-20951.0	0.188602	8.19197	-1.48116
172.500	5.55	2.35647	-494.334	-20977.8	0.188597	8.19197	-1.48300
173.500	5.49	2.35605	-494.176	-20974.8	0.188563	8.19193	-1.48253
174.500	5.41	2.35508	-494.072	-20979.0	0.188486	8.19186	-1.48222
175.500	5.34	2.35471	-494.662	-21007.3	0.188457	8.19183	-1.48399
176.500	5.26	2.35449	-494.496	-21002.3	0.188438	8.19181	-1.48349
177.500	5.18	2.35405	-492.660	-20928.2	0.188403	8.19177	-1.47798
178.500	5.07	2.35466	-493.396	-20954.1	0.188452	8.19182	-1.48019
179.500	4.99	2.35508	-494.852	-21012.1	0.188486	8.19186	-1.48456
180.500	4.92	2.35479	-494.506	-21000.0	0.188462	8.19183	-1.48352
181.500	4.85	2.35389	-493.979	-20985.6	0.188391	8.19176	-1.48194
182.500	4.76	2.35338	-493.384	-20964.9	0.188350	8.19172	-1.48015
183.500	4.65	2.35323	-494.197	-21000.8	0.188337	8.19171	-1.48259
184.500	4.56	2.35344	-493.979	-20989.6	0.188354	8.19172	-1.48194
185.500	4.47	2.35421	-494.345	-20998.3	0.188416	8.19179	-1.48303
186.500	4.36	2.35454	-495.586	-21048.1	0.188442	8.19181	-1.48676
187.500	4.25	2.35388	-493.874	-20981.3	0.188390	8.19176	-1.48162
188.500	4.19	2.35315	-493.612	-20976.6	0.188332	8.19170	-1.48084
189.500	4.11	2.35293	-494.797	-21029.0	0.188313	8.19168	-1.48439
190.500	4.03	2.35252	-493.654	-20984.0	0.188281	8.19165	-1.48096
191.500	3.96	2.35158	-494.591	-21032.3	0.188206	8.19158	-1.48377
192.500	3.87	2.35063	-494.365	-21031.2	0.188129	8.19150	-1.48309
193.500	3.78	2.35102	-494.288	-21024.4	0.188161	8.19153	-1.48286
194.500	3.71	2.35008	-493.658	-21006.0	0.188086	8.19146	-1.48097
195.500	3.66	2.35113	-496.609	-21122.2	0.188169	8.19154	-1.48983
196.500	3.58	2.34878	-494.186	-21040.1	0.187982	8.19135	-1.48256
197.500	3.53	2.34840	-494.009	-21036.0	0.187951	8.19132	-1.48203
198.500	3.44	2.34827	-494.955	-21077.4	0.187941	8.19131	-1.48487
199.500	3.33	2.34803	-494.275	-21050.6	0.187922	8.19129	-1.48282
200.500	3.22	2.34890	-495.599	-21099.2	0.187991	8.19136	-1.48680
201.500	3.11	2.34844	-493.890	-21030.6	0.187954	8.19132	-1.48167
202.500	3.05	2.34767	-494.016	-21042.8	0.187893	8.19126	-1.48205
203.500	2.95	2.34757	-495.024	-21086.7	0.187884	8.19125	-1.48507
204.500	2.88	2.34681	-493.401	-21024.3	0.187824	8.19119	-1.48020
205.500	2.80	2.34687	-496.046	-21136.5	0.187829	8.19120	-1.48814
206.500	2.73	2.34590	-494.868	-21095.0	0.187751	8.19112	-1.48460
207.500	2.64	2.34623	-495.872	-21134.9	0.187778	8.19115	-1.48762
208.500	2.55	2.34482	-493.558	-21048.8	0.187665	8.19103	-1.48067
209.500	2.48	2.34440	-492.997	-21028.7	0.187631	8.19100	-1.47899
210.500	2.41	2.34413	-495.056	-21118.9	0.187610	8.19098	-1.48517
211.500	2.33	2.34392	-495.148	-21124.8	0.187593	8.19096	-1.48544
212.500	2.23	2.34444	-494.897	-21109.4	0.187634	8.19100	-1.48469
213.500	2.16	2.34176	-490.972	-20965.9	0.187420	8.19079	-1.47291
214.500	2.06	2.34231	-494.595	-21115.7	0.187464	8.19083	-1.48378
215.500	1.98	2.34230	-494.791	-21124.2	0.187463	8.19083	-1.48437
216.500	1.89	2.34139	-493.707	-21086.0	0.187390	8.19076	-1.48112
217.500	1.76	2.34144	-494.775	-21131.2	0.187394	8.19076	-1.48432
218.500	1.64	2.34129	-493.321	-21070.5	0.187382	8.19075	-1.47996
219.500	1.54	2.34257	-494.523	-21110.3	0.187485	8.19085	-1.48357
220.500	1.46	2.34269	-493.356	-21059.4	0.187494	8.19086	-1.48007
221.500	1.40	2.34090	-491.824	-21010.0	0.187351	8.19072	-1.47547
222.500	1.33	2.34129	-496.635	-21212.0	0.187382	8.19075	-1.48990
223.500	1.26	2.33971	-494.790	-21147.5	0.187256	8.19063	-1.48437
224.500	1.19	2.33976	-494.671	-21141.9	0.187260	8.19063	-1.48401
225.500	1.16	2.33947	-495.086	-21162.3	0.187237	8.19061	-1.48526
226.500	1.12	2.33777	-493.951	-21129.1	0.187100	8.19047	-1.48185
227.500	1.02	2.33825	-496.665	-21240.9	0.187139	8.19051	-1.48999
228.500	0.94	2.33601	-492.580	-21086.4	0.186959	8.19033	-1.47774
229.500	0.85	2.33796	-499.517	-21365.5	0.187116	8.19048	-1.49855
230.500	0.78	2.33561	-493.149	-21114.3	0.186928	8.19030	-1.47945
231.500	0.65	2.33709	-499.027	-21352.5	0.187046	8.19042	-1.49708
232.500	0.53	2.33611	-494.583	-21171.2	0.186968	8.19034	-1.48375
233.500	0.45	2.33472	-493.560	-21140.0	0.186856	8.19023	-1.48068
234.500	0.38	2.33416	-493.547	-21144.5	0.186811	8.19018	-1.48064
235.500	0.30	2.33541	-497.939	-21321.3	0.186912	8.19028	-1.49382
236.500	0.20	2.33415	-496.047	-21251.7	0.186810	8.19018	-1.48814
237.500	0.11	2.33460	-498.026	-21332.4	0.186847	8.19022	-1.49408
238.500	0.07	2.33236	-493.451	-21156.7	0.186667	8.19004	-1.48035
239.500	-0.03	2.33395	-500.690	-21452.5	0.186794	8.19016	-1.50207
240.500	-0.10	2.33470	-504.971	-21629.0	0.186854	8.19022	-1.51491
241.500	-0.18	2.33122	-492.415	-21122.7	0.186576	8.18995	-1.47724
242.500	-0.28	2.33113	-495.395	-21251.2	0.186569	8.18994	-1.48618
243.500	-0.34	2.33090	-494.666	-21222.1	0.186550	8.18992	-1.48400
244.500	-0.43	2.32951	-493.782	-21196.8	0.186440	8.18981	-1.48135
245.500	-0.53	2.33011	-496.651	-21314.5	0.186487	8.18986	-1.48995
246.500	-0.61	2.32981	-495.001	-21246.4	0.186463	8.18983	-1.48500
247.500	-0.69	2.33001	-500.527	-21481.7	0.186480	8.18985	-1.50158
248.500	-0.76	2.32761	-490.381	-21068.0	0.186287	8.18966	-1.47114
249.500	-0.86	2.32793	-493.928	-21217.5	0.186313	8.18968	-1.48179
250.500	-1.01	2.33063	-507.842	-21789.9	0.186529	8.18990	-1.52353
251.500	-1.07	2.32677	-492.236	-21155.3	0.186220	8.18959	-1.47671
252.500	-1.15	2.32839	-492.801	-21164.8	0.186350	8.18972	-1.47840
253.500	-1.21	2.32846	-497.354	-21359.7	0.186356	8.18972	-1.49206
254.500	-1.28	2.32697	-494.312	-21242.7	0.186236	8.18961	-1.48294
255.500	-1.36	2.32801	-501.734	-21552.0	0.186319	8.18969	-1.50520
256.500	-1.44	2.32498	-490.772	-21108.6	0.186077	8.18945	-1.47232
257.500	-1.52	2.32616	-500.590	-21520.0	0.186172	8.18954	-1.50177
258.500	-1.61	2.32404	-493.296	-21225.8	0.186002	8.18937	-1.47989
259.500	-1.67	2.32258	-493.762	-21259.2	0.185884	8.18925	-1.48129
260.500	-1.75	2.32338	-498.880	-21472.2	0.185948	8.18932	-1.49664
261.500	-1.87	2.32154	-491.714	-21180.5	0.185802	8.18917	-1.47514
262.500	-1.96	2.32303	-496.741	-21383.3	0.185921	8.18929	-1.49022
263.500	-2.05	2.32286	-494.669	-21295.7	0.185907	8.18928	-1.48401
264.500	-2.14	2.32158	-492.430	-21211.0	0.185804	8.18917	-1.47729
265.500	-2.23	2.32222	-492.863	-21223.8	0.185856	8.18923	-1.47859
266.500	-2.32	2.32159	-494.881	-21316.5	0.185805	8.18917	-1.48464
267.500	-2.42	2.32133	-494.631	-21308.1	0.185784	8.18915	-1.48389
268.500	-2.50	2.32204	-497.139	-21409.6	0.185842	8.18921	-1.49142
269.500	-2.57	2.31958	-492.644	-21238.5	0.185644	8.18901	-1.47793
270.500	-2.65	2.32031	-494.177	-21297.9	0.185703	8.18907	-1.48253
271.500	-2.74	2.32019	-494.528	-21314.1	0.185694	8.18906	-1.48358
272.500	-2.82	2.31994	-495.112	-21341.6	0.185674	8.18904	-1.48534
273.500	-2.87	2.32093	-501.613	-21612.5	0.185753	8.18912	-1.50484
274.500	-2.94	2.31872	-493.182	-21269.6	0.185575	8.18895	-1.47955
275.500	-3.02	2.31867	-496.431	-21410.2	0.185572	8.18894	-1.48929
276.500	-3.12	2.31854	-500.879	-21603.2	0.185561	8.18893	-1.50264
277.500	-3.18	2.31716	-492.728	-21264.4	0.185451	8.18882	-1.47819
278.500	-3.27	2.31700	-497.429	-21468.7	0.185438	8.18881	-1.49229
279.500	-3.37	2.31560	-494.387	-21350.3	0.185326	8.18869	-1.48316
280.500	-3.43	2.31450	-491.722	-21245.3	0.185238	8.18861	-1.47517
281.500	-3.53	2.31639	-501.968	-21670.3	0.185390	8.18876	-1.50590
282.500	-3.62	2.31903	-519.833	-22416.0	0.185600	8.18897	-1.55950
283.500	-3.71	2.31829	-514.247	-22182.2	0.185541	8.18891	-1.54274
284.500	-3.79	2.31391	-484.788	-20951.0	0.185191	8.18856	-1.45436
285.500	-3.88	2.31483	-498.739	-21545.3	0.185265	8.18863	-1.49622
286.500	-3.98	2.31315	-496.736	-21474.4	0.185130	8.18850	-1.49021
287.500	-4.05	2.31339	-491.645	-21252.1	0.185149	8.18852	-1.47493
288.500	-4.15	2.31388	-498.984	-21564.8	0.185188	8.18856	-1.49695
289.500	-4.21	2.31090	-490.582	-21229.0	0.184950	8.18832	-1.47174
290.500	-4.29	2.31171	-495.882	-21450.9	0.185015	8.18838	-1.48765
291.500	-4.43	2.31146	-494.677	-21401.1	0.184995	8.18836	-1.48403
292.500	-4.55	2.31264	-493.575	-21342.5	0.185089	8.18846	-1.48072
293.500	-4.64	2.31604	-515.734	-22268.0	0.185361	8.18873	-1.54720
294.500	-4.68	2.31196	-502.503	-21734.9	0.185035	8.18840	-1.50751
295.500	-4.73	2.30898	-477.826	-20694.2	0.184796	8.18817	-1.43348
296.500	-4.78	2.30972	-495.807	-21466.1	0.184855	8.18822	-1.48742
297.500	-4.86	2.31058	-505.376	-21872.3	0.184924	8.18829	-1.51613
298.500	-4.92	2.30671	-493.405	-21390.0	0.184614	8.18798	-1.48021
299.500	-5.01	2.30806	-492.172	-21324.0	0.184723	8.18809	-1.47651
300.500	-5.08	2.30809	-499.550	-21643.5	0.184725	8.18809	-1.49865
301.500	-5.17	2.30642	-491.193	-21296.8	0.184591	8.18796	-1.47358
302.500	-5.24	2.30531	-494.117	-21433.8	0.184503	8.18787	-1.48235
303.500	-5.33	2.30422	-493.164	-21402.7	0.184415	8.18778	-1.47949
304.500	-5.42	2.30592	-498.635	-21624.1	0.184551	8.18792	-1.49590
305.500	-5.52	2.30337	-489.003	-21229.9	0.184347	8.18772	-1.46701
306.500	-5.62	2.30437	-496.938	-21565.0	0.184427	8.18780	-1.49081
307.500	-5.75	2.30380	-491.861	-21350.0	0.184381	8.18775	-1.47558
308.500	-5.84	2.30551	-500.072	-21690.3	0.184519	8.18789	-1.50022
309.500	-5.92	2.30385	-492.458	-21375.5	0.184385	8.18776	-1.47737
310.500	-5.99	2.30467	-501.491	-21759.8	0.184451	8.18782	-1.50447
311.500	-6.05	2.30178	-491.255	-21342.4	0.184220	8.18759	-1.47377
312.500	-6.11	2.30229	-494.952	-21498.3	0.184260	8.18763	-1.48486
313.500	-6.20	2.30116	-495.529	-21533.8	0.184171	8.18754	-1.48659
314.500	-6.26	2.30196	-497.445	-21609.6	0.184235	8.18760	-1.49233
315.500	-6.36	2.29985	-492.620	-21419.6	0.184066	8.18744	-1.47786
316.500	-6.45	2.30175	-507.346	-22041.7	0.184217	8.18759	-1.52204
317.500	-6.55	2.29978	-499.322	-21711.7	0.184060	8.18743	-1.49797
318.500	-6.66	2.30119	-494.620	-21494.1	0.184173	8.18754	-1.48386
319.500	-6.79	2.30044	-496.325	-21575.3	0.184113	8.18748	-1.48898
320.500	-6.84	2.30007	-493.337	-21448.8	0.184083	8.18745	-1.48001
321.500	-6.92	2.30180	-511.499	-22221.7	0.184221	8.18759	-1.53450
322.500	-6.99	2.30114	-512.633	-22277.4	0.184169	8.18754	-1.53790
323.500	-7.04	2.29649	-485.823	-21155.0	0.183797	8.18717	-1.45747
324.500	-7.10	2.29805	-496.177	-21591.2	0.183922	8.18729	-1.48853
325.500	-7.18	2.29890	-511.163	-22235.1	0.183990	8.18736	-1.53349
326.500	-7.24	2.29882	-511.773	-22262.4	0.183983	8.18735	-1.53532
327.500	-7.33	2.29438	-488.556	-21293.5	0.183628	8.18700	-1.46567
328.500	-7.44	2.29654	-498.047	-21686.8	0.183801	8.18717	-1.49414
329.500	-7.54	2.29452	-495.278	-21585.3	0.183639	8.18701	-1.48583
330.500	-7.63	2.29487	-490.353	-21367.3	0.183667	8.18704	-1.47106
331.500	-7.73	2.29620	-502.306	-21875.6	0.183773	8.18714	-1.50692
332.500	-7.80	2.29199	-484.775	-21150.8	0.183436	8.18681	-1.45433
333.500	-7.88	2.29465	-498.168	-21710.0	0.183649	8.18702	-1.49450
334.500	-7.97	2.29459	-508.768	-22172.5	0.183644	8.18701	-1.52630
335.500	-8.04	2.29064	-484.756	-21162.5	0.183329	8.18670	-1.45427
336.500	-8.11	2.29286	-496.986	-21675.4	0.183506	8.18687	-1.49096
337.500	-8.19	2.29275	-506.409	-22087.4	0.183497	8.18687	-1.51923
338.500	-8.31	2.28945	-486.157	-21234.7	0.183233	8.18660	-1.45847
339.500	-8.41	2.29249	-501.643	-21882.0	0.183476	8.18685	-1.50493
340.500	-8.51	2.29287	-509.523	-22222.0	0.183507	8.18688	-1.52857
341.500	-8.59	2.28862	-478.877	-20924.3	0.183166	8.18654	-1.43663
342.500	-8.65	2.29061	-494.903	-21605.7	0.183326	8.18670	-1.48471
343.500	-8.71	2.29108	-508.386	-22189.8	0.183364	8.18673	-1.52516
344.500	-8.83	2.28763	-489.474	-21396.6	0.183087	8.18646	-1.46842
345.500	-8.95	2.29033	-495.908	-21652.2	0.183304	8.18667	-1.48772
346.500	-9.01	2.29054	-499.509	-21807.5	0.183320	8.18669	-1.49853
347.500	-9.08	2.28881	-486.184	-21241.8	0.183182	8.18655	-1.45855
348.500	-9.14	2.28975	-499.885	-21831.4	0.183257	8.18663	-1.49966
349.500	-9.23	2.28987	-506.671	-22126.6	0.183267	8.18664	-1.52001
350.500	-9.34	2.28714	-488.529	-21359.8	0.183048	8.18642	-1.46559
351.500	-9.42	2.28944	-501.676	-21912.6	0.183232	8.18660	-1.50503
352.500	-9.47	2.28753	-499.906	-21853.5	0.183080	8.18645	-1.49972
353.500	-9.54	2.28675	-490.591	-21453.7	0.183017	8.18639	-1.47177
354.500	-9.61	2.28712	-505.882	-22118.8	0.183046	8.18642	-1.51764
355.500	-9.65	2.28650	-508.158	-22224.3	0.182997	8.18637	-1.52447
356.500	-9.76	2.28384	-485.455	-21256.1	0.182784	8.18615	-1.45637
357.500	-9.89	2.28675	-506.570	-22152.4	0.183017	8.18639	-1.51971
358.500	-10.00	2.28937	-528.167	-23070.4	0.183227	8.18660	-1.58450
359.500	-10.08	2.28940	-529.010	-23106.9	0.183229	8.18660	-1.58703
360.500	-10.12	2.28215	-475.867	-20851.7	0.182649	8.18602	-1.42760
361.500	-10.18	2.28386	-480.708	-21048.0	0.182786	8.18615	-1.44212
362.500	-10.27	2.28563	-505.669	-22123.9	0.182927	8.18630	-1.51701
363.500	-10.40	2.28785	-524.810	-22939.0	0.183105	8.18647	-1.57443
364.500	-10.48	2.28141	-484.754	-21248.0	0.182590	8.18596	-1.45426
365.500	-10.54	2.28351	-485.989	-21282.6	0.182757	8.18613	-1.45797
366.500	-10.68	2.28560	-512.676	-22430.7	0.182925	8.18629	-1.53803
367.500	-10.81	2.28645	-517.653	-22640.1	0.182993	8.18636	-1.55296
368.500	-10.90	2.28015	-474.741	-20820.6	0.182488	8.18586	-1.42422
369.500	-10.97	2.28460	-492.038	-21537.1	0.182845	8.18621	-1.47611
370.500	-11.02	2.28681	-517.849	-22645.1	0.183022	8.18639	-1.55355
371.500	-11.09	2.28687	-530.671	-23205.2	0.183026	8.18640	-1.59201
372.500	-11.14	2.27625	-476.307	-20925.1	0.182177	8.18555	-1.42892
373.500	-11.25	2.27847	-458.357	-20116.9	0.182354	8.18572	-1.37507
374.500	-11.35	2.28194	-494.305	-21661.6	0.182632	8.18600	-1.48291
375.500	-11.41	2.28061	-500.007	-21924.3	0.182526	8.18590	-1.50002
376.500	-11.48	2.27889	-483.883	-21233.2	0.182388	8.18576	-1.45165
377.500	-11.53	2.28097	-505.043	-22141.6	0.182554	8.18592	-1.51513
378.500	-11.58	2.27993	-507.585	-22263.2	0.182471	8.18584	-1.52275
379.500	-11.67	2.27675	-479.397	-21056.2	0.182217	8.18559	-1.43819
380.500	-11.75	2.27910	-502.206	-22035.3	0.182405	8.18577	-1.50662
381.500	-11.83	2.27873	-513.990	-22556.0	0.182375	8.18574	-1.54197
382.500	-11.91	2.27391	-473.647	-20829.6	0.181990	8.18536	-1.42094
383.500	-12.00	2.27686	-491.884	-21603.6	0.182225	8.18559	-1.47565
384.500	-12.10	2.27908	-517.089	-22688.5	0.182404	8.18577	-1.55127
385.500	-12.19	2.27288	-478.452	-21050.5	0.181907	8.18528	-1.43536
386.500	-12.29	2.27563	-484.701	-21299.7	0.182127	8.18550	-1.45410
387.500	-12.35	2.27821	-517.684	-22723.2	0.182334	8.18570	-1.55305
388.500	-12.43	2.27221	-490.686	-21595.1	0.181853	8.18522	-1.47206
389.500	-12.54	2.27404	-479.016	-21064.5	0.182000	8.18537	-1.43705
390.500	-12.67	2.27791	-511.966	-22475.3	0.182309	8.18568	-1.53590
391.500	-12.74	2.27489	-503.475	-22131.8	0.182068	8.18544	-1.51042
392.500	-12.82	2.27288	-471.578	-20748.1	0.181907	8.18528	-1.41473
393.500	-12.91	2.27576	-496.685	-21825.0	0.182137	8.18551	-1.49006
394.500	-13.01	2.27894	-533.607	-23414.7	0.182392	8.18576	-1.60082
395.500	-13.10	2.28158	-561.868	-24626.3	0.182603	8.18597	-1.68560
396.500	-13.16	2.27833	-543.161	-23840.3	0.182343	8.18571	-1.62948
397.500	-13.23	2.26798	-438.018	-19313.1	0.181515	8.18488	-1.31405
398.500	-13.32	2.27074	-450.212	-19826.6	0.181736	8.18511	-1.35063
399.500	-13.40	2.27267	-490.491	-21582.1	0.181890	8.18526	-1.47147
400.500	-13.50	2.27588	-525.595	-23094.2	0.182147	8.18552	-1.57679
401.500	-13.54	2.27806	-553.777	-24309.1	0.182322	8.18569	-1.66133
402.500	-13.64	2.28006	-573.986	-25174.2	0.182482	8.18585	-1.72196
403.500	-13.73	2.28355	-599.370	-26247.2	0.182761	8.18613	-1.79811
404.500	-13.84	2.28631	-626.012	-27381.0	0.182981	8.18635	-1.87804
405.500	-13.91	2.28915	-649.212	-28360.3	0.183209	8.18658	-1.94763
406.500	-13.98	2.29175	-667.594	-29130.3	0.183417	8.18679	-2.00278
407.500	-14.06	2.26686	-522.904	-23067.3	0.181425	8.18479	-1.56871
408.500	-14.13	2.25802	-313.835	-13898.7	0.180717	8.18409	-0.941504
409.500	-14.19	2.25990	-339.209	-15009.9	0.180868	8.18424	-1.01763
410.500	-14.26	2.26141	-390.320	-17260.0	0.180989	8.18436	-1.17096
411.500	-14.36	2.26401	-434.194	-19178.1	0.181197	8.18457	-1.30258
412.500	-14.44	2.26644	-472.408	-20843.6	0.181392	8.18476	-1.41722
413.500	-14.53	2.26912	-505.679	-22285.2	0.181606	8.18498	-1.51704
414.500	-14.62	2.27217	-535.386	-23562.7	0.181850	8.18522	-1.60616
415.500	-14.73	2.26830	-528.210	-23286.6	0.181540	8.18491	-1.58463
416.500	-14.82	2.26861	-499.493	-22017.6	0.181565	8.18493	-1.49848
417.500	-14.91	2.27163	-520.677	-22920.9	0.181807	8.18518	-1.56203
418.500	-14.98	2.26928	-513.616	-22633.4	0.181619	8.18499	-1.54085
419.500	-15.09	2.26813	-500.083	-22048.2	0.181527	8.18490	-1.50025
420.500	-15.21	2.26966	-503.696	-22192.6	0.181649	8.18502	-1.51109
421.500	-15.32	2.26880	-496.546	-21885.8	0.181581	8.18495	-1.48964
422.500	-15.36	2.27108	-507.674	-22353.9	0.181763	8.18513	-1.52302
423.500	-15.45	2.27179	-527.522	-23220.5	0.181820	8.18519	-1.58257
424.500	-15.51	2.26431	-485.745	-21452.3	0.181221	8.18459	-1.45724
425.500	-15.55	2.26525	-459.852	-20300.3	0.181296	8.18467	-1.37956
426.500	-15.67	2.26771	-487.242	-21486.1	0.181493	8.18486	-1.46173
427.500	-15.72	2.27059	-523.831	-23070.3	0.181724	8.18509	-1.57149
428.500	-15.76	2.26513	-506.912	-22378.9	0.181287	8.18466	-1.52074
429.500	-15.84	2.26429	-470.332	-20771.8	0.181219	8.18459	-1.41100
430.500	-15.94	2.26736	-500.246	-22062.9	0.181465	8.18483	-1.50074
431.500	-16.05	2.26809	-518.262	-22850.2	0.181523	8.18489	-1.55478
432.500	-16.13	2.26283	-479.874	-21206.8	0.181103	8.18447	-1.43962
433.500	-16.22	2.26550	-480.839	-21224.4	0.181316	8.18469	-1.44252
434.500	-16.35	2.26872	-519.003	-22876.5	0.181574	8.18494	-1.55701
435.500	-16.42	2.26669	-516.857	-22802.2	0.181412	8.18478	-1.55057
436.500	-16.51	2.26066	-458.842	-20296.8	0.180929	8.18430	-1.37653
437.500	-16.62	2.26519	-476.917	-21054.2	0.181292	8.18466	-1.43075
438.500	-16.73	2.26857	-515.190	-22709.8	0.181562	8.18493	-1.54557
439.500	-16.80	2.26678	-513.826	-22667.7	0.181418	8.18479	-1.54148
440.500	-16.85	2.26265	-470.401	-20789.8	0.181088	8.18446	-1.41120
441.500	-16.88	2.26433	-478.912	-21150.2	0.181223	8.18459	-1.43674
442.500	-16.93	2.26513	-503.923	-22247.0	0.181287	8.18466	-1.51177
443.500	-16.99	2.26160	-492.885	-21793.6	0.181005	8.18437	-1.47866
444.500	-17.04	2.26258	-490.607	-21683.5	0.181083	8.18445	-1.47182
445.500	-17.16	2.26399	-512.472	-22635.8	0.181195	8.18456	-1.53742
446.500	-17.27	2.26674	-541.078	-23870.3	0.181416	8.18479	-1.62323
447.500	-17.38	2.26056	-509.824	-22553.1	0.180921	8.18429	-1.52947
448.500	-17.47	2.25801	-442.997	-19618.9	0.180717	8.18409	-1.32899
449.500	-17.58	2.26144	-467.944	-20692.3	0.180991	8.18436	-1.40383
450.500	-17.70	2.26504	-508.178	-22435.8	0.181279	8.18465	-1.52454
451.500	-17.82	2.26182	-498.928	-22058.7	0.181022	8.18439	-1.49678
452.500	-17.91	2.26283	-469.788	-20761.1	0.181103	8.18447	-1.40936
453.500	-17.98	2.26496	-493.062	-21769.1	0.181273	8.18464	-1.47918
454.500	-18.05	2.26622	-515.312	-22738.9	0.181374	8.18474	-1.54593
455.500	-18.10	2.26103	-483.138	-21368.0	0.180959	8.18433	-1.44941
456.500	-18.15	2.26215	-484.254	-21406.8	0.181048	8.18442	-1.45276
457.500	-18.22	2.26438	-513.251	-22666.3	0.181227	8.18460	-1.53975
458.500	-18.30	2.26660	-543.913	-23996.9	0.181404	8.18477	-1.63174
459.500	-18.41	2.26869	-566.068	-24951.3	0.181572	8.18494	-1.69820
460.500	-18.53	2.25084	-446.933	-19856.2	0.180143	8.18351	-1.34080
461.500	-18.60	2.25435	-379.527	-16835.4	0.180424	8.18379	-1.13858
462.500	-18.73	2.25833	-413.015	-18288.5	0.180742	8.18411	-1.23904
463.500	-18.82	2.26145	-458.911	-20292.8	0.180992	8.18436	-1.37673
464.500	-18.87	2.26339	-497.447	-21978.0	0.181148	8.18452	-1.49234
465.500	-18.90	2.26481	-522.963	-23090.8	0.181261	8.18463	-1.56889
466.500	-18.99	2.26035	-497.004	-21987.9	0.180904	8.18427	-1.49101
467.500	-19.09	2.26286	-506.459	-22381.4	0.181105	8.18447	-1.51938
468.500	-19.13	2.26558	-540.130	-23840.6	0.181323	8.18469	-1.62039
469.500	-19.22	2.26706	-568.350	-25069.9	0.181441	8.18481	-1.70505
470.500	-19.26	2.26955	-595.430	-26235.6	0.181641	8.18501	-1.78629
471.500	-19.32	2.27067	-614.649	-27069.0	0.181730	8.18510	-1.84395
472.500	-19.39	2.26036	-542.173	-23986.1	0.180905	8.18427	-1.62652
473.500	-19.49	2.25252	-389.827	-17306.2	0.180278	8.18365	-1.16948
474.500	-19.56	2.25490	-395.423	-17536.2	0.180468	8.18384	-1.18627
475.500	-19.69	2.25764	-440.356	-19505.2	0.180687	8.18406	-1.32107
476.500	-19.83	2.26201	-491.129	-21712.1	0.181037	8.18441	-1.47339
477.500	-19.90	2.26377	-524.375	-23163.8	0.181178	8.18455	-1.57312
478.500	-20.00	2.26734	-549.965	-24256.0	0.181463	8.18483	-1.64989
479.500	-20.08	2.26887	-582.133	-25657.4	0.181586	8.18496	-1.74640
480.500	-20.11	2.27045	-603.656	-26587.5	0.181712	8.18508	-1.81097
481.500	-20.06	2.25566	-502.250	-22266.2	0.180529	8.18390	-1.50675
482.500	-19.97	2.24940	-378.969	-16847.6	0.180028	8.18340	-1.13691
483.500	-19.84	2.24615	-357.952	-15936.3	0.179768	8.18314	-1.07386
484.500	-19.68	2.24128	-352.272	-15717.5	0.179378	8.18275	-1.05682
485.500	-19.54	2.23640	-346.007	-15471.6	0.178988	8.18236	-1.03802
486.500	-19.41	2.23208	-338.975	-15186.5	0.178641	8.18201	-1.01692
487.500	-19.33	2.22805	-335.889	-15075.5	0.178319	8.18169	-1.00767
488.500	-19.30	2.22625	-346.408	-15560.1	0.178175	8.18154	-1.03922
489.500	-19.29	2.22599	-367.302	-16500.6	0.178154	8.18152	-1.10190

[step]
Temperature Sweep - 2
Angular frequency	Step time	Temperature	Oscillation strain	Oscillation stress	Tan(delta)	Storage modulus	Loss modulus
rad/s	s	°C	%	kPa		kPa	kPa
3.14159	4.00368	-19.92	0.0240612	393.204	0.123551	1621850	200381
6.76836	28.5692	-19.99	0.0199738	343.749	0.125219	1707670	213832
14.5820	55.4205	-19.99	0.0118248	219.833	0.102065	1849470	188766
31.4159	75.9600	-20.00	5.92852e-3	117.322	0.0788181	1972820	155494
67.6836	93.6400	-20.01	3.29317e-3	68.3558	0.0498973	2073100	103442
145.820	111.138	-19.98	2.39040e-3	50.1307	0.0969519	2087380	202376
314.159	130.366	-20.01	2.10281e-3	45.3702	0.161985	2129840	345003
3.14159	348.477	-14.99	0.0247140	332.374	0.176385	1324440	233611
6.76836	359.045	-14.98	0.0215831	312.080	0.172747	1424840	246137
14.5820	377.853	-15.00	0.0135084	212.047	0.139938	1554590	217546
31.4159	439.551	-15.00	6.75222e-3	115.598	0.109948	1701740	187104
67.6836	463.268	-15.00	3.67836e-3	67.5754	0.0767264	1831720	140542
145.820	480.756	-15.00	2.61040e-3	49.5982	0.0306784	1899130	58262.2
314.159	502.109	-15.00	2.44426e-3	44.9342	-5.93896e-3	1838330	-10917.7
3.14159	716.222	-9.99	0.0248798	293.286	0.191878	1157690	222136
6.76836	726.800	-9.99	0.0223958	282.125	0.180701	1239650	224005
14.5820	745.620	-10.00	0.0149075	202.883	0.157333	1344410	211519
31.4159	783.224	-9.99	7.58620e-3	113.551	0.128844	1484530	191272
67.6836	809.941	-10.01	4.12828e-3	66.6714	0.0979388	1607300	157417
145.820	827.427	-10.00	2.90336e-3	49.0176	0.0557841	1685680	94034.3
314.159	850.797	-9.99	2.67320e-3	44.4313	0.0218675	1661700	36337.3
3.14159	1064.89	-4.98	0.0251436	235.677	0.227667	913936	208073
6.76836	1075.45	-4.99	0.0234878	243.787	0.213297	1015100	216517
14.5820	1098.29	-4.99	0.0167533	190.449	0.189768	1116850	211943
31.4159	1122.84	-4.99	8.78867e-3	110.788	0.163031	1244150	202836
67.6836	1141.54	-4.99	4.76250e-3	65.4765	0.132077	1363000	180020
145.820	1159.04	-5.00	3.29852e-3	48.1677	0.0896594	1454450	130405
314.159	1181.40	-5.00	2.97567e-3	43.7567	0.0573393	1468070	84178.0
3.14159	1385.50	0.02	0.0253158	179.312	0.278903	682260	190285
6.76836	1396.07	0.01	0.0245088	198.952	0.260590	785525	204700
14.5820	1417.89	0.01	0.0190427	172.375	0.235186	881161	207236
31.4159	1463.53	0.01	0.0104314	106.696	0.204248	1002140	204685
67.6836	1484.22	0.01	5.62814e-3	63.8271	0.173138	1117440	193472
145.820	1501.72	0.00	3.82870e-3	47.1051	0.134091	1219400	163510
314.159	1510.36	0.00	3.37423e-3	42.8736	0.102052	1264050	129000
3.14159	1714.49	5.02	0.0253636	129.906	0.345437	484106	167228
6.76836	1735.04	5.01	0.0252422	150.055	0.321766	565890	182084
14.5820	1744.48	5.02	0.0215337	146.868	0.293771	654385	192240
31.4159	1775.06	5.00	0.0127765	100.377	0.262548	759888	199507
67.6836	1794.75	5.01	6.88349e-3	61.4844	0.229912	870505	200140
145.820	1812.24	5.00	4.58710e-3	45.5653	0.190349	975815	185745
314.159	1820.86	5.00	3.92407e-3	41.6055	0.160188	1046920	167703
3.14159	2024.96	10.01	0.0252830	86.6990	0.412039	317055	130639
6.76836	2054.56	10.02	0.0255430	104.351	0.387720	380900	147683
14.5820	2070.03	10.01	0.0236810	114.412	0.359854	454601	163590
31.4159	2102.60	10.02	0.0158465	90.2296	0.329298	540828	178094
67.6836	2120.28	10.00	8.71525e-3	57.9818	0.296974	637761	189399
145.820	2137.78	10.01	5.68630e-3	43.4070	0.259844	738827	191979
314.159	2146.42	10.00	4.70691e-3	39.8284	0.230674	824517	190195
3.14159	2352.54	15.01	0.0251520	54.4519	0.472622	195732	92507.1
6.76836	2382.11	15.01	0.0255122	68.1373	0.452007	243371	110005
14.5820	2400.94	15.02	0.0249487	81.0255	0.426169	298769	127326
31.4159	2409.60	15.01	0.0191783	75.3898	0.398422	365182	145497
67.6836	2431.29	15.01	0.0111912	52.8509	0.367236	443304	162797
145.820	2448.80	15.01	7.23617e-3	40.4101	0.333691	529731	176766
314.159	2457.42	15.01	5.81077e-3	37.3993	0.310626	614649	190926
3.14159	2669.67	20.02	0.0250110	33.1307	0.511427	117936	60315.7
6.76836	2697.23	20.00	0.0253361	42.5672	0.502908	150098	75485.3
14.5820	2720.07	20.00	0.0253860	53.2556	0.486520	188642	91778.0
31.4159	2733.76	20.00	0.0219869	57.3143	0.464234	236439	109763
67.6836	2751.46	20.00	0.0142323	45.7691	0.436426	294740	128632
145.820	2768.95	20.03	9.31295e-3	36.3939	0.407754	361862	147551
314.159	2777.58	20.00	7.32210e-3	34.2060	0.391198	435056	170193
3.14159	2979.70	25.01	0.0249177	20.2105	0.519043	71989.5	37365.6
6.76836	3000.24	25.01	0.0251401	26.2307	0.527996	92266.6	48716.4
14.5820	3019.06	25.02	0.0253552	33.5709	0.528445	117062	61861.0
31.4159	3042.62	25.02	0.0236944	39.7422	0.519391	148849	77310.6
67.6836	3051.26	25.02	0.0174100	36.8608	0.500523	189330	94764.1
145.820	3068.75	24.99	0.0118438	31.4288	0.479362	239289	114706
314.159	3077.37	25.01	9.24858e-3	30.2507	0.471345	295866	139455
3.14159	3281.44	30.02	0.0248399	12.6121	0.500021	45412.7	22707.3
6.76836	3313.03	30.02	0.0249870	16.2001	0.523423	57441.3	30066.1
14.5820	3331.84	29.99	0.0251787	20.8774	0.543803	72843.2	39612.3
31.4159	3363.41	30.00	0.0244209	26.0087	0.552666	93213.2	51515.8
67.6836	3376.05	30.00	0.0200611	27.3712	0.550949	119502	65839.5
145.820	3384.78	30.00	0.0146409	25.5597	0.543459	153389	83360.5
314.159	3393.41	29.99	0.0115195	25.6199	0.547262	195099	106770
3.14159	3597.53	35.01	0.0248040	8.13152	0.452715	29865.2	13520.4
6.76836	3627.11	35.00	0.0248854	10.3104	0.495406	37125.4	18392.2
14.5820	3646.95	35.01	0.0250141	13.0758	0.534178	46107.5	24629.6
31.4159	3675.51	35.03	0.0246452	16.5670	0.562875	58579.6	32973.0
67.6836	3696.21	35.00	0.0218495	19.0359	0.581029	75330.3	43769.1
145.820	3704.94	35.00	0.0172673	19.5188	0.590755	97325.1	57495.2
314.159	3713.59	35.00	0.0139769	20.5789	0.611738	125597	76832.7
3.14159	3917.70	40.04	0.0247783	5.42122	0.413569	20218.1	8361.58
6.76836	3947.29	40.01	0.0248284	6.74875	0.458237	24710.8	11323.4
14.5820	3966.11	40.01	0.0248992	8.44043	0.505807	30249.0	15300.2
31.4159	3983.66	39.99	0.0246782	10.6597	0.551792	37819.4	20868.4
67.6836	4015.41	39.99	0.0228961	12.7765	0.587618	48110.5	28270.6
145.820	4024.14	40.01	0.0193942	14.1351	0.618868	61974.9	38354.3
314.159	4032.77	40.02	0.0163393	15.6882	0.662575	80040.7	53033.0
3.14159	4236.88	45.03	0.0247525	3.71864	0.383619	14026.6	5380.86
6.76836	4271.47	45.02	0.0247912	4.61692	0.422388	17155.6	7246.33
14.5820	4290.29	44.99	0.0248257	5.67537	0.470379	20686.6	9730.55
31.4159	4307.81	45.04	0.0246613	7.07652	0.522925	25428.0	13296.9
67.6836	4325.51	45.00	0.0234566	8.61564	0.571650	31887.7	18228.6
145.820	4343.00	44.99	0.0208819	9.99257	0.622834	40618.5	25298.6
314.159	4369.39	45.01	0.0182640	11.6549	0.688524	52559.6	36188.6
3.14159	4571.50	50.00	0.0247623	2.74015	0.362074	10404.8	3767.29
6.76836	4592.04	50.01	0.0247827	3.32762	0.396386	12482.3	4947.82
14.5820	4621.90	50.02	0.0248104	4.01224	0.434872	14830.0	6449.15
31.4159	4639.42	50.00	0.0246689	4.92092	0.490932	17906.4	8790.80
67.6836	4657.10	49.98	0.0237831	5.99550	0.542711	22156.4	12024.6
145.820	4674.59	50.03	0.0218813	7.06799	0.605254	27634.1	16725.7
314.159	4710.01	50.00	0.0197557	8.50218	0.693870	35358.4	24534.1
3.14159	4914.10	55.01	0.0247716	2.06761	0.342152	7897.23	2702.05
6.76836	4924.66	55.01	0.0247993	2.46267	0.372771	9304.92	3468.60
14.5820	4934.12	55.01	0.0248108	2.95940	0.406218	11050.9	4489.06
31.4159	4942.79	54.98	0.0246962	3.56376	0.453880	13140.3	5964.10
67.6836	4960.47	55.02	0.0240062	4.27055	0.505551	15875.9	8026.05
145.820	4977.97	55.02	0.0225424	5.11198	0.578914	19625.7	11361.6
314.159	4995.30	55.02	0.0208468	6.18915	0.679609	24554.8	16687.7
3.14159	5197.39	60.04	0.0248073	1.55452	0.349958	5914.66	2069.88
6.76836	5207.96	60.01	0.0248262	1.86133	0.352840	7070.24	2494.67
14.5820	5217.39	60.03	0.0248348	2.21613	0.392836	8305.62	3262.74
31.4159	5226.05	59.99	0.0247315	2.64480	0.421818	9853.32	4156.31
67.6836	5234.67	60.01	0.0241773	3.12519	0.480271	11652.0	5596.11
145.820	5243.39	60.02	0.0230243	3.75419	0.548784	14294.4	7844.51
314.159	5252.01	60.03	0.0216530	4.53176	0.652521	17527.6	11437.1
3.14159	5456.11	65.02	0.0248607	1.20645	0.319615	4622.48	1477.41
6.76836	5466.66	65.03	0.0248854	1.42375	0.344772	5408.78	1864.79
14.5820	5476.09	65.00	0.0248874	1.67511	0.368105	6316.40	2325.10
31.4159	5484.81	64.97	0.0247937	2.00149	0.399228	7497.22	2993.10
67.6836	5493.43	65.04	0.0243267	2.37471	0.437638	8942.86	3913.73
145.820	5502.15	65.01	0.0233778	2.80297	0.514887	10659.8	5488.62
314.159	5510.77	65.03	0.0222476	3.37620	0.621343	12890.0	8009.13
3.14159	5714.86	69.99	0.0249272	0.954996	0.246678	3719.64	917.554
6.76836	5725.41	70.05	0.0249511	1.11246	0.297162	4273.84	1270.02
14.5820	5734.84	70.00	0.0249536	1.32317	0.334234	5029.05	1680.88
31.4159	5743.55	70.01	0.0248694	1.56340	0.371519	5892.88	2189.32
67.6836	5752.17	70.00	0.0244665	1.80068	0.404181	6823.51	2757.93
145.820	5760.89	70.03	0.0236574	2.14763	0.485356	8166.93	3963.87
314.159	5769.51	70.02	0.0226805	2.55353	0.592993	9684.07	5742.58
3.14159	5967.47	75.02	0.0250144	0.894546	0.167582	3526.94	591.052
6.76836	5978.02	75.02	0.0250379	0.949948	0.217151	3707.63	805.118
14.5820	5987.45	75.01	0.0250348	1.06641	0.290813	4090.25	1189.50
31.4159	5996.17	75.01	0.0249555	1.23687	0.349867	4678.26	1636.77
67.6836	6004.78	75.00	0.0245984	1.40843	0.393445	5328.12	2096.32
145.820	6013.51	75.04	0.0238949	1.66423	0.458607	6330.78	2903.34
314.159	6022.12	74.98	0.0230239	1.97731	0.555256	7508.28	4169.02
3.14159	6220.08	80.02	0.0251095	0.775332	0.0924788	3074.69	284.344
6.76836	6230.63	80.00	0.0251205	0.844028	0.145334	3324.99	483.234
14.5820	6240.06	79.99	0.0251181	0.913753	0.213094	3557.94	758.176
31.4159	6248.76	80.02	0.0250374	1.01399	0.269101	3910.77	1052.39
67.6836	6257.38	80.01	0.0247089	1.14278	0.339155	4379.93	1485.48
145.820	6266.10	79.98	0.0240794	1.34033	0.421477	5129.32	2161.89
314.159	6274.71	80.02	0.0232995	1.56252	0.526398	5934.29	3123.80

