Filename	A75V25-4
Instrument name	4020-0324
Operator	AD
rundate	9/29/2026
Sample name	A75V25-4
Geometry name	Tension fixture (rectangle)
Procedure name	TMA IsoForce Temperature Ramp
	Flow Axial Test
	AutoTension AutoStrain Settings
	Standard Oscillatory Temperature Sweep
proceduresegments	TMA IsoForce Temperature Ramp#Flow Axial Test#Standard Oscillatory Temperature Sweep
[File Parameters]
Name	A75V25-4
Instrument type	RSAG2
Instrument serial number	4020-0324
Instrument name	4020-0324
Instrument location	Univ of Colorado
Company name	Univ of Colorado
Trios version	5.1.1.46572
File name	C:\ProgramData\TA Instruments\TRIOS\Data\Alex\A75V25-4.tri
Run date	9/29/2026 1:57:29 PM
Time at start of test	32.7757
[Geometry Parameters]
Geometry Type	Linear tension
Name	Tension fixture (rectangle)
Length	10.02 mm
Width	3.0 mm
Thickness	1.0 mm
Loading gap	10.02 mm
Notes	



[Geometry Extended Parameters]
Expansion coefficient	2.6 µm/°C
Move stage to maintain starting gap	Passive
Orientation Angle	0.0
Upper Compliance	0.0 µm/kg
Lower Compliance	0.0 µm/kg
Upper Geometry Mass	95.62 g
Stress constant (linear)	333333 Pa/N
Strain constant (linear)	99.8004 1/m
[Instrument Parameters]
GapZeroSetback	1000 [mm]
GapFast	0.0100000
GapSlow	1.00000e-5
Temperature limit	620.000 [°C]
[Firmware Versions]
InfoVerDsp	V2018.5.29
InfoVerWinCe	V2019.10.10
InfoVerPwr1	V2017.1.11
InfoVerLincodr2	V2017.1.11
InfoVerStepper3	V2017.1.11
InfoVerPhaseFire6	V2019.7.19
InfoVerFcoPrt8	V2011.9.7
[Calibration Date Information]
InfoDateDynPhase	8/7/2019 6:40 PM
InfoDateStaticNrm	5/3/2024 1:39 PM
InfoDateTorqLag	3/2/2018 1:31 PM
InfoDateMotorScale	3/2/2018 12:07 PM
InfoDateRsaDeflect	3/2/2018 12:58 PM
InfoDateRsaMagTemp	3/6/2018 8:43 AM
InfoDateADGain	3/2/2018 1:15 PM
[Calibration Parameters]
SPFrtScaleLow	370.8792
SPFrtScaleMid	3708.792
SPFrtScaleHi	3708.792
SPNrmScale	1.549643
SPXducerMass	555.4000
SPXducerNormDamping	-0.93000
SPXducerNormSpringConst	1.500000
[Temperature Control Information]
TempCorrInfoTbl01a	FCO/Upper Tool PRT offset 
TempCorrInfoTbl02a	FCO/Lower Tool PRT offset 
TempCorrInfoTbl03a	FCO/Middle PRT offset 
Temperature option	FCO/LN2
[step]
Temperature Ramp IsoForce - 1
Step time	Temperature	Strain	Stress	Modulus	Delta length	Gap	Force
s	°C	%	kPa	kPa	mm	mm	N
0.500166	19.72	-0.0919274	42.7830	-46540.0	-9.25541e-3	10.0589	0.128349
1.50017	19.75	-0.0930925	43.6551	-46894.4	-9.37271e-3	10.0588	0.130965
2.50017	19.74	-0.0935756	43.9759	-46995.1	-9.42135e-3	10.0588	0.131928
3.50017	19.71	-0.0933009	43.7734	-46916.4	-9.39369e-3	10.0588	0.131320
4.50017	19.66	-0.0919369	43.2556	-47049.2	-9.25636e-3	10.0589	0.129767
5.50017	19.57	-0.0899761	42.5317	-47270.0	-9.05895e-3	10.0591	0.127595
6.50017	19.46	-0.0877407	41.5937	-47405.2	-8.83388e-3	10.0593	0.124781
7.50017	19.36	-0.0884985	49.8270	-56302.7	-8.91018e-3	10.0593	0.149481
8.50017	19.26	-0.134978	103.545	-76712.4	-0.0135899	10.0546	0.310635
9.50017	19.14	-0.157371	109.984	-69888.5	-0.0158443	10.0523	0.329952
10.5002	19.04	-0.165820	107.986	-65122.6	-0.0166950	10.0515	0.323958
11.5002	18.95	-0.173739	108.315	-62343.7	-0.0174923	10.0507	0.324945
12.5002	18.87	-0.179223	108.441	-60506.3	-0.0180445	10.0501	0.325323
13.5002	18.78	-0.183125	108.183	-59075.6	-0.0184374	10.0497	0.324548
14.5002	18.72	-0.186952	108.577	-58077.4	-0.0188227	10.0493	0.325731
15.5002	18.64	-0.190533	108.635	-57016.4	-0.0191832	10.0490	0.325904
16.5002	18.56	-0.192920	108.314	-56144.7	-0.0194235	10.0487	0.324942
17.5002	18.49	-0.194843	108.376	-55622.4	-0.0196171	10.0486	0.325128
18.5002	18.41	-0.196481	108.414	-55177.8	-0.0197821	10.0484	0.325242
19.5002	18.33	-0.198347	108.223	-54562.4	-0.0199699	10.0482	0.324669
20.5002	18.26	-0.199522	108.261	-54260.4	-0.0200882	10.0481	0.324784
21.5002	18.19	-0.200857	108.506	-54021.5	-0.0202227	10.0479	0.325518
22.5002	18.12	-0.202506	108.352	-53505.8	-0.0203886	10.0478	0.325056
23.5002	18.05	-0.203377	108.329	-53264.9	-0.0204763	10.0477	0.324986
24.5002	17.98	-0.204921	108.602	-52997.0	-0.0206318	10.0475	0.325806
25.5002	17.89	-0.205508	108.312	-52704.5	-0.0206909	10.0475	0.324936
26.5002	17.80	-0.206342	108.085	-52381.4	-0.0207748	10.0474	0.324254
27.5002	17.71	-0.206351	108.257	-52462.5	-0.0207758	10.0474	0.324771
28.5002	17.64	-0.207100	108.054	-52175.1	-0.0208511	10.0473	0.324163
29.5002	17.58	-0.208028	108.135	-51980.8	-0.0209446	10.0472	0.324404
30.5002	17.50	-0.208378	108.106	-51879.6	-0.0209799	10.0472	0.324317
31.5002	17.42	-0.208530	108.039	-51809.7	-0.0209951	10.0472	0.324116
32.5002	17.34	-0.209250	107.998	-51612.1	-0.0210676	10.0471	0.323995
33.5002	17.27	-0.209648	108.006	-51518.0	-0.0211077	10.0471	0.324018
34.5002	17.19	-0.210074	107.961	-51392.2	-0.0211506	10.0470	0.323884
35.5002	17.08	-0.209752	107.838	-51412.2	-0.0211182	10.0471	0.323514
36.5002	16.99	-0.209932	107.543	-51227.7	-0.0211363	10.0470	0.322630
37.5002	16.92	-0.210434	108.093	-51366.7	-0.0211868	10.0470	0.324278
38.5002	16.85	-0.210708	108.111	-51308.5	-0.0212145	10.0470	0.324334
39.5002	16.75	-0.210850	108.048	-51243.7	-0.0212288	10.0469	0.324143
40.5002	16.65	-0.210832	108.063	-51255.8	-0.0212269	10.0469	0.324190
41.5002	16.57	-0.210642	107.982	-51263.3	-0.0212078	10.0470	0.323946
42.5002	16.48	-0.210803	108.114	-51286.8	-0.0212240	10.0469	0.324343
43.5002	16.38	-0.210131	108.147	-51466.8	-0.0211563	10.0470	0.324442
44.5002	16.31	-0.210026	108.007	-51425.4	-0.0211458	10.0470	0.324021
45.5002	16.23	-0.210491	108.072	-51343.0	-0.0211926	10.0470	0.324217
46.5002	16.14	-0.210320	107.965	-51333.8	-0.0211754	10.0470	0.323896
47.5002	16.07	-0.210633	108.625	-51571.0	-0.0212069	10.0470	0.325876
48.5002	16.00	-0.210936	108.371	-51376.4	-0.0212374	10.0469	0.325114
49.5002	15.93	-0.210633	108.030	-51288.5	-0.0212069	10.0470	0.324091
50.5002	15.83	-0.210405	108.142	-51397.2	-0.0211840	10.0470	0.324427
51.5002	15.76	-0.210424	108.178	-51409.6	-0.0211859	10.0470	0.324535
52.5002	15.67	-0.210434	108.265	-51448.7	-0.0211868	10.0470	0.324796
53.5002	15.57	-0.210263	108.248	-51482.0	-0.0211697	10.0470	0.324743
54.5002	15.51	-0.210187	107.999	-51382.1	-0.0211620	10.0470	0.323996
55.5002	15.43	-0.210727	108.406	-51443.8	-0.0212164	10.0470	0.325218
56.5002	15.34	-0.210699	109.520	-51979.3	-0.0212135	10.0470	0.328560
57.5002	15.25	-0.211059	108.487	-51401.1	-0.0212498	10.0469	0.325460
58.5002	15.17	-0.210131	108.137	-51462.0	-0.0211563	10.0470	0.324412
59.5002	15.07	-0.210396	108.585	-51609.6	-0.0211830	10.0470	0.325754
60.5002	14.98	-0.210509	108.474	-51529.0	-0.0211945	10.0470	0.325421
61.5002	14.88	-0.210756	108.457	-51461.1	-0.0212193	10.0470	0.325372
62.5002	14.80	-0.210794	108.898	-51661.1	-0.0212231	10.0469	0.326695
63.5002	14.72	-0.210235	108.411	-51566.4	-0.0211668	10.0470	0.325232
64.5002	14.63	-0.209846	108.539	-51723.1	-0.0211277	10.0470	0.325617
65.5002	14.55	-0.210140	107.898	-51345.8	-0.0211573	10.0470	0.323694
66.5002	14.46	-0.210131	108.313	-51545.6	-0.0211563	10.0470	0.324939
67.5002	14.38	-0.210026	108.068	-51454.7	-0.0211458	10.0470	0.324205
68.5002	14.30	-0.210813	109.078	-51741.5	-0.0212250	10.0469	0.327233
69.5002	14.22	-0.210623	108.482	-51505.1	-0.0212059	10.0470	0.325445
70.5002	14.16	-0.210557	107.989	-51287.5	-0.0211992	10.0470	0.323968
71.5002	14.08	-0.210860	107.801	-51124.2	-0.0212297	10.0469	0.323402
72.5002	14.01	-0.210983	107.751	-51070.7	-0.0212421	10.0469	0.323252
73.5002	13.94	-0.211684	108.316	-51168.6	-0.0213127	10.0469	0.324947
74.5002	13.88	-0.211911	108.900	-51389.4	-0.0213356	10.0468	0.326700
75.5002	13.80	-0.211580	107.565	-50839.1	-0.0213022	10.0469	0.322696
76.5002	13.70	-0.211059	106.554	-50485.6	-0.0212498	10.0469	0.319663
77.5002	13.57	-0.211362	107.830	-51016.9	-0.0212803	10.0469	0.323491
78.5002	13.47	-0.211106	108.157	-51233.5	-0.0212545	10.0469	0.324471
79.5002	13.39	-0.211135	108.107	-51203.0	-0.0212574	10.0469	0.324322
80.5002	13.29	-0.211059	108.034	-51186.7	-0.0212498	10.0469	0.324102
81.5002	13.19	-0.210841	107.910	-51180.7	-0.0212278	10.0469	0.323729
82.5002	13.13	-0.210888	107.825	-51128.8	-0.0212326	10.0469	0.323474
83.5002	13.07	-0.210623	107.260	-50925.2	-0.0212059	10.0470	0.321781
84.5002	12.97	-0.210434	106.770	-50738.2	-0.0211868	10.0470	0.320311
85.5002	12.90	-0.211097	107.948	-51136.7	-0.0212536	10.0469	0.323844
86.5002	12.81	-0.211514	107.839	-50984.3	-0.0212955	10.0469	0.323516
87.5002	12.74	-0.211390	106.971	-50603.5	-0.0212831	10.0469	0.320913
88.5002	12.62	-0.211419	107.717	-50949.5	-0.0212860	10.0469	0.323150
89.5002	12.55	-0.211599	108.137	-51104.7	-0.0213041	10.0469	0.324411
90.5002	12.47	-0.211978	108.303	-51091.9	-0.0213423	10.0468	0.324910
91.5002	12.39	-0.211731	107.700	-50866.4	-0.0213175	10.0469	0.323101
92.5002	12.30	-0.212186	108.246	-51014.5	-0.0213633	10.0468	0.324737
93.5002	12.22	-0.212243	108.228	-50992.7	-0.0213690	10.0468	0.324685
94.5002	12.12	-0.212470	108.201	-50925.0	-0.0213919	10.0468	0.324602
95.5002	12.04	-0.212972	108.514	-50952.4	-0.0214424	10.0467	0.325543
96.5002	11.96	-0.212944	108.086	-50758.1	-0.0214396	10.0467	0.324258
97.5002	11.86	-0.212281	107.828	-50794.8	-0.0213728	10.0468	0.323483
98.5002	11.77	-0.212641	109.073	-51294.3	-0.0214090	10.0468	0.327218
99.5002	11.68	-0.212508	108.854	-51223.6	-0.0213957	10.0468	0.326563
100.500	11.59	-0.212660	108.040	-50804.0	-0.0214109	10.0468	0.324119
101.500	11.51	-0.212726	108.725	-51110.3	-0.0214176	10.0468	0.326175
102.500	11.42	-0.213171	108.299	-50803.7	-0.0214624	10.0467	0.324896
103.500	11.35	-0.213237	108.186	-50735.2	-0.0214691	10.0467	0.324559
104.500	11.27	-0.213711	108.178	-50619.0	-0.0215168	10.0467	0.324535
105.500	11.20	-0.213399	109.333	-51234.4	-0.0214853	10.0467	0.328000
106.500	11.11	-0.214147	108.134	-50495.2	-0.0215607	10.0466	0.324401
107.500	11.03	-0.214469	108.262	-50479.1	-0.0215931	10.0466	0.324786
108.500	10.97	-0.214658	108.366	-50483.0	-0.0216122	10.0466	0.325098
109.500	10.89	-0.215179	108.899	-50608.5	-0.0216646	10.0465	0.326697
110.500	10.79	-0.214459	107.644	-50193.3	-0.0215921	10.0466	0.322933
111.500	10.69	-0.214677	107.610	-50126.6	-0.0216141	10.0466	0.322831
112.500	10.59	-0.214781	107.994	-50280.7	-0.0216246	10.0465	0.323981
113.500	10.52	-0.214810	108.271	-50403.2	-0.0216274	10.0465	0.324813
114.500	10.45	-0.215236	108.259	-50297.7	-0.0216703	10.0465	0.324777
115.500	10.34	-0.215757	108.133	-50118.1	-0.0217228	10.0464	0.324400
116.500	10.27	-0.215710	108.492	-50295.5	-0.0217180	10.0465	0.325477
117.500	10.16	-0.215890	108.015	-50032.3	-0.0217361	10.0464	0.324044
118.500	10.07	-0.215880	107.894	-49978.7	-0.0217352	10.0464	0.323682
119.500	9.99	-0.216676	108.511	-50079.7	-0.0218153	10.0464	0.325532
120.500	9.91	-0.216562	107.451	-49616.9	-0.0218039	10.0464	0.322354
121.500	9.82	-0.216505	107.992	-49879.7	-0.0217981	10.0464	0.323977
122.500	9.73	-0.216430	108.066	-49931.4	-0.0217905	10.0464	0.324199
123.500	9.65	-0.216761	107.842	-49751.6	-0.0218239	10.0463	0.323526
124.500	9.59	-0.217566	107.425	-49376.0	-0.0219049	10.0463	0.322276
125.500	9.51	-0.217206	107.049	-49284.6	-0.0218687	10.0463	0.321148
126.500	9.41	-0.217670	108.140	-49680.8	-0.0219154	10.0463	0.324421
127.500	9.35	-0.217983	107.947	-49520.6	-0.0219469	10.0462	0.323840
128.500	9.28	-0.218267	107.416	-49213.1	-0.0219755	10.0462	0.322248
129.500	9.20	-0.218968	108.112	-49373.3	-0.0220461	10.0461	0.324335
130.500	9.12	-0.219195	107.971	-49257.8	-0.0220690	10.0461	0.323912
131.500	9.02	-0.217850	105.341	-48354.7	-0.0219336	10.0462	0.316023
132.500	8.94	-0.218826	108.213	-49451.5	-0.0220318	10.0461	0.324639
133.500	8.85	-0.219385	107.667	-49076.6	-0.0220881	10.0461	0.323000
134.500	8.76	-0.220057	108.056	-49103.6	-0.0221558	10.0460	0.324168
135.500	8.63	-0.219536	107.568	-48997.8	-0.0221033	10.0461	0.322704
136.500	8.55	-0.219906	108.972	-49554.1	-0.0221405	10.0460	0.326917
137.500	8.48	-0.219821	108.092	-49172.9	-0.0221319	10.0460	0.324277
138.500	8.40	-0.220143	108.482	-49278.0	-0.0221643	10.0460	0.325446
139.500	8.32	-0.220465	108.052	-49010.8	-0.0221968	10.0460	0.324155
140.500	8.24	-0.220578	107.953	-48940.9	-0.0222082	10.0460	0.323859
141.500	8.17	-0.221668	108.851	-49105.7	-0.0223179	10.0459	0.326554
142.500	8.09	-0.222113	109.073	-49107.2	-0.0223627	10.0458	0.327220
143.500	8.01	-0.222880	108.640	-48743.6	-0.0224400	10.0457	0.325919
144.500	7.92	-0.222681	108.173	-48577.5	-0.0224199	10.0458	0.324519
145.500	7.85	-0.222776	109.150	-48995.5	-0.0224295	10.0457	0.327450
146.500	7.76	-0.222407	107.614	-48386.0	-0.0223923	10.0458	0.322841
147.500	7.67	-0.222596	108.518	-48751.3	-0.0224113	10.0458	0.325555
148.500	7.57	-0.222672	107.707	-48370.4	-0.0224190	10.0458	0.323122
149.500	7.52	-0.224443	110.717	-49329.5	-0.0225973	10.0456	0.332150
150.500	7.41	-0.223846	107.326	-47946.3	-0.0225372	10.0456	0.321978
151.500	7.32	-0.224301	108.479	-48363.1	-0.0225830	10.0456	0.325437
152.500	7.24	-0.224310	106.816	-47619.7	-0.0225840	10.0456	0.320448
153.500	7.15	-0.225163	107.614	-47794.0	-0.0226698	10.0455	0.322843
154.500	7.07	-0.226158	108.436	-47947.1	-0.0227699	10.0454	0.325308
155.500	6.99	-0.226243	107.912	-47697.3	-0.0227785	10.0454	0.323735
156.500	6.93	-0.226811	108.606	-47883.7	-0.0228357	10.0453	0.325817
157.500	6.82	-0.226944	107.691	-47452.7	-0.0228491	10.0453	0.323073
158.500	6.73	-0.227199	108.085	-47572.9	-0.0228748	10.0453	0.324256
159.500	6.65	-0.226877	108.047	-47623.5	-0.0228424	10.0453	0.324141
160.500	6.55	-0.227607	108.062	-47477.6	-0.0229158	10.0453	0.324187
161.500	6.43	-0.227768	108.041	-47434.5	-0.0229321	10.0452	0.324122
162.500	6.36	-0.227313	107.996	-47510.0	-0.0228863	10.0453	0.323989
163.500	6.28	-0.227427	107.774	-47388.4	-0.0228977	10.0453	0.323322
164.500	6.20	-0.228308	108.201	-47392.7	-0.0229864	10.0452	0.324604
165.500	6.11	-0.227616	105.855	-46505.8	-0.0229168	10.0453	0.317564
166.500	6.05	-0.228393	107.302	-46981.4	-0.0229950	10.0452	0.321906
167.500	5.98	-0.229255	108.030	-47122.1	-0.0230818	10.0451	0.324089
168.500	5.89	-0.229956	107.787	-46872.9	-0.0231524	10.0450	0.323361
169.500	5.80	-0.229596	107.526	-46832.6	-0.0231161	10.0451	0.322577
170.500	5.71	-0.230240	107.959	-46889.8	-0.0231810	10.0450	0.323877
171.500	5.65	-0.230979	107.841	-46688.7	-0.0232553	10.0449	0.323523
172.500	5.57	-0.231651	108.031	-46635.0	-0.0233231	10.0448	0.324092
173.500	5.49	-0.231121	106.360	-46019.0	-0.0232697	10.0449	0.319079
174.500	5.42	-0.231973	107.908	-46517.4	-0.0233555	10.0448	0.323724
175.500	5.35	-0.233849	110.668	-47324.4	-0.0235443	10.0446	0.332003
176.500	5.26	-0.233347	107.410	-46030.2	-0.0234938	10.0447	0.322230
177.500	5.18	-0.232286	103.431	-44527.5	-0.0233870	10.0448	0.310293
178.500	5.11	-0.233271	106.587	-45692.5	-0.0234861	10.0447	0.319762
179.500	5.02	-0.234209	108.344	-46259.5	-0.0235806	10.0446	0.325031
180.500	4.92	-0.234332	107.623	-45927.7	-0.0235929	10.0446	0.322870
181.500	4.80	-0.234569	107.411	-45790.8	-0.0236168	10.0446	0.322233
182.500	4.68	-0.235109	107.855	-45874.6	-0.0236711	10.0445	0.323565
183.500	4.59	-0.234900	107.762	-45875.5	-0.0236502	10.0445	0.323285
184.500	4.50	-0.235535	109.812	-46622.4	-0.0237141	10.0445	0.329436
185.500	4.45	-0.234569	106.549	-45423.5	-0.0236168	10.0446	0.319648
186.500	4.36	-0.235904	108.625	-46046.2	-0.0237513	10.0444	0.325875
187.500	4.29	-0.235402	105.997	-45027.8	-0.0237007	10.0445	0.317990
188.500	4.19	-0.236548	108.159	-45724.0	-0.0238161	10.0444	0.324478
189.500	4.12	-0.237884	109.735	-46129.7	-0.0239506	10.0442	0.329206
190.500	4.03	-0.237344	107.368	-45237.1	-0.0238962	10.0443	0.322103
191.500	3.96	-0.238519	108.678	-45563.8	-0.0240145	10.0442	0.326035
192.500	3.89	-0.238130	106.401	-44681.9	-0.0239754	10.0442	0.319204
193.500	3.80	-0.239371	108.092	-45156.7	-0.0241003	10.0441	0.324277
194.500	3.71	-0.239580	107.904	-45038.8	-0.0241213	10.0441	0.323711
195.500	3.65	-0.240356	107.940	-44908.4	-0.0241995	10.0440	0.323821
196.500	3.59	-0.240972	108.789	-45146.0	-0.0242615	10.0439	0.326368
197.500	3.48	-0.240157	106.251	-44242.4	-0.0241795	10.0440	0.318754
198.500	3.35	-0.240659	108.277	-44991.9	-0.0242300	10.0439	0.324832
199.500	3.26	-0.241038	107.757	-44705.4	-0.0242682	10.0439	0.323272
200.500	3.18	-0.241616	107.755	-44597.7	-0.0243263	10.0438	0.323266
201.500	3.11	-0.242251	108.327	-44716.8	-0.0243902	10.0438	0.324980
202.500	3.02	-0.241436	105.955	-43885.2	-0.0243082	10.0439	0.317864
203.500	2.96	-0.241872	107.471	-44433.2	-0.0243521	10.0438	0.322414
204.500	2.87	-0.242137	106.800	-44107.1	-0.0243788	10.0438	0.320399
205.500	2.81	-0.243151	107.408	-44173.3	-0.0244808	10.0437	0.322223
206.500	2.71	-0.243444	106.406	-43708.4	-0.0245104	10.0437	0.319217
207.500	2.64	-0.244240	108.310	-44345.7	-0.0245905	10.0436	0.324929
208.500	2.54	-0.244818	107.825	-44042.8	-0.0246487	10.0435	0.323474
209.500	2.43	-0.244960	107.378	-43835.1	-0.0246630	10.0435	0.322135
210.500	2.34	-0.245168	107.945	-44029.1	-0.0246840	10.0435	0.323836
211.500	2.29	-0.246229	110.073	-44703.7	-0.0247908	10.0434	0.330220
212.500	2.21	-0.245538	105.232	-42857.9	-0.0247211	10.0435	0.315696
213.500	2.13	-0.246295	107.302	-43566.2	-0.0247974	10.0434	0.321905
214.500	2.03	-0.246712	107.376	-43522.9	-0.0248394	10.0433	0.322129
215.500	1.97	-0.245661	106.514	-43358.0	-0.0247335	10.0434	0.319541
216.500	1.90	-0.246627	108.195	-43869.8	-0.0248308	10.0433	0.324584
217.500	1.82	-0.247423	108.034	-43663.9	-0.0249109	10.0433	0.324103
218.500	1.71	-0.248294	109.383	-44053.6	-0.0249987	10.0432	0.328148
219.500	1.61	-0.247991	107.685	-43423.0	-0.0249681	10.0432	0.323055
220.500	1.55	-0.247423	103.502	-41832.2	-0.0249109	10.0433	0.310507
221.500	1.45	-0.248910	109.158	-43854.5	-0.0250607	10.0431	0.327475
222.500	1.35	-0.249014	107.890	-43326.9	-0.0250711	10.0431	0.323670
223.500	1.25	-0.249421	109.321	-43829.8	-0.0251122	10.0431	0.327962
224.500	1.19	-0.249667	108.866	-43604.4	-0.0251369	10.0430	0.326598
225.500	1.10	-0.250293	108.959	-43532.7	-0.0251999	10.0430	0.326877
226.500	1.04	-0.251183	109.194	-43471.7	-0.0252895	10.0429	0.327581
227.500	0.96	-0.250378	105.704	-42217.6	-0.0252085	10.0430	0.317111
228.500	0.91	-0.251581	108.547	-43145.9	-0.0253296	10.0428	0.325640
229.500	0.84	-0.252196	108.125	-42873.4	-0.0253916	10.0428	0.324376
230.500	0.75	-0.252755	108.752	-43026.5	-0.0254478	10.0427	0.326255
231.500	0.67	-0.252983	108.698	-42966.4	-0.0254707	10.0427	0.326093
232.500	0.57	-0.254205	108.442	-42659.3	-0.0255938	10.0426	0.325326
233.500	0.47	-0.254441	109.181	-42910.1	-0.0256176	10.0426	0.327543
234.500	0.35	-0.253437	107.381	-42370.0	-0.0255165	10.0427	0.322144
235.500	0.25	-0.253504	108.444	-42777.9	-0.0255232	10.0426	0.325331
236.500	0.18	-0.253835	110.257	-43436.6	-0.0255566	10.0426	0.330772
237.500	0.09	-0.253712	106.313	-41903.2	-0.0255442	10.0426	0.318940
238.500	0.02	-0.252689	98.1960	-38860.4	-0.0254412	10.0427	0.294588
239.500	-0.04	-0.254527	106.303	-41765.0	-0.0256262	10.0425	0.318909
240.500	-0.14	-0.253968	104.899	-41303.9	-0.0255699	10.0426	0.314696
241.500	-0.20	-0.254953	105.121	-41231.6	-0.0256691	10.0425	0.315363
242.500	-0.29	-0.255824	106.880	-41778.6	-0.0257568	10.0424	0.320639
243.500	-0.35	-0.255588	102.898	-40259.5	-0.0257330	10.0424	0.308695
244.500	-0.43	-0.257719	108.697	-42176.5	-0.0259476	10.0422	0.326090
245.500	-0.50	-0.256753	102.505	-39923.7	-0.0258503	10.0423	0.307515
246.500	-0.59	-0.258202	107.018	-41447.4	-0.0259962	10.0422	0.321054
247.500	-0.66	-0.257861	103.967	-40319.2	-0.0259619	10.0422	0.311902
248.500	-0.76	-0.259926	107.834	-41486.6	-0.0261698	10.0420	0.323503
249.500	-0.86	-0.259500	107.787	-41536.5	-0.0261269	10.0420	0.323361
250.500	-0.94	-0.260324	107.526	-41304.9	-0.0262098	10.0420	0.322579
251.500	-1.04	-0.260835	108.791	-41708.8	-0.0262613	10.0419	0.326374
252.500	-1.14	-0.261006	108.843	-41701.3	-0.0262785	10.0419	0.326529
253.500	-1.22	-0.261176	104.640	-40064.7	-0.0262957	10.0419	0.313919
254.500	-1.28	-0.261830	109.038	-41644.8	-0.0263615	10.0418	0.327115
255.500	-1.40	-0.261129	102.959	-39428.3	-0.0262909	10.0419	0.308876
256.500	-1.50	-0.261953	110.343	-42123.2	-0.0263739	10.0418	0.331028
257.500	-1.57	-0.262426	108.652	-41402.8	-0.0264215	10.0418	0.325956
258.500	-1.63	-0.262730	107.127	-40774.5	-0.0264521	10.0417	0.321380
259.500	-1.70	-0.263923	108.999	-41299.7	-0.0265722	10.0416	0.326998
260.500	-1.82	-0.263885	108.548	-41134.5	-0.0265684	10.0416	0.325644
261.500	-1.94	-0.263866	108.093	-40965.1	-0.0265665	10.0416	0.324280
262.500	-2.03	-0.263724	107.212	-40652.9	-0.0265522	10.0416	0.321635
263.500	-2.10	-0.264226	109.097	-41289.2	-0.0266027	10.0416	0.327290
264.500	-2.15	-0.265458	109.334	-41186.9	-0.0267267	10.0414	0.328001
265.500	-2.21	-0.265562	107.080	-40322.1	-0.0267372	10.0414	0.321240
266.500	-2.32	-0.266244	107.999	-40563.9	-0.0268059	10.0414	0.323997
267.500	-2.39	-0.266386	106.800	-40092.1	-0.0268202	10.0414	0.320399
268.500	-2.47	-0.267598	110.224	-41189.9	-0.0269423	10.0412	0.330671
269.500	-2.54	-0.268072	107.554	-40121.3	-0.0269899	10.0412	0.322662
270.500	-2.64	-0.269180	107.576	-39964.4	-0.0271015	10.0411	0.322729
271.500	-2.72	-0.269891	110.552	-40961.8	-0.0271730	10.0410	0.331656
272.500	-2.80	-0.269625	110.294	-40906.4	-0.0271463	10.0410	0.330882
273.500	-2.91	-0.268953	100.317	-37298.9	-0.0270786	10.0411	0.300950
274.500	-2.99	-0.267134	88.4971	-33128.4	-0.0268955	10.0413	0.265491
275.500	-3.05	-0.269123	100.534	-37356.2	-0.0270958	10.0411	0.301603
276.500	-3.12	-0.270487	108.749	-40204.8	-0.0272331	10.0409	0.326246
277.500	-3.21	-0.271273	107.203	-39518.4	-0.0273123	10.0409	0.321609
278.500	-3.28	-0.271719	108.307	-39860.1	-0.0273571	10.0408	0.324922
279.500	-3.37	-0.272135	107.963	-39672.6	-0.0273991	10.0408	0.323890
280.500	-3.43	-0.271965	107.925	-39683.2	-0.0273819	10.0408	0.323774
281.500	-3.54	-0.271728	103.101	-37942.6	-0.0273581	10.0408	0.309302
282.500	-3.60	-0.273206	107.944	-39510.1	-0.0275068	10.0407	0.323831
283.500	-3.70	-0.273244	106.463	-38962.7	-0.0275106	10.0407	0.319390
284.500	-3.78	-0.273812	108.024	-39451.9	-0.0275679	10.0406	0.324072
285.500	-3.86	-0.274456	107.691	-39238.0	-0.0276327	10.0405	0.323073
286.500	-3.94	-0.275214	108.634	-39472.6	-0.0277090	10.0405	0.325903
287.500	-4.04	-0.275185	106.257	-38612.8	-0.0277061	10.0405	0.318771
288.500	-4.09	-0.275678	107.554	-39014.4	-0.0277557	10.0404	0.322662
289.500	-4.18	-0.276663	106.600	-38530.7	-0.0278549	10.0403	0.319800
290.500	-4.29	-0.276597	107.270	-38782.2	-0.0278482	10.0403	0.321811
291.500	-4.37	-0.277203	108.638	-39190.9	-0.0279093	10.0403	0.325915
292.500	-4.45	-0.277696	108.922	-39223.6	-0.0279589	10.0402	0.326767
293.500	-4.56	-0.277980	108.098	-38887.0	-0.0279875	10.0402	0.324294
294.500	-4.64	-0.278482	109.079	-39169.3	-0.0280380	10.0401	0.327238
295.500	-4.71	-0.279107	108.826	-38990.6	-0.0281010	10.0401	0.326477
296.500	-4.81	-0.278851	108.328	-38847.9	-0.0280752	10.0401	0.324984
297.500	-4.86	-0.280149	111.877	-39934.9	-0.0282059	10.0400	0.335631
298.500	-4.96	-0.280376	111.423	-39740.6	-0.0282288	10.0399	0.334270
299.500	-5.07	-0.279249	101.685	-36413.6	-0.0281153	10.0401	0.305054
300.500	-5.19	-0.280443	108.701	-38760.4	-0.0282354	10.0399	0.326102
301.500	-5.27	-0.279940	108.981	-38930.2	-0.0281849	10.0400	0.326944
302.500	-5.33	-0.280168	109.782	-39184.4	-0.0282078	10.0400	0.329346
303.500	-5.39	-0.280945	108.263	-38535.4	-0.0282860	10.0399	0.324789
304.500	-5.46	-0.279903	94.8629	-33891.4	-0.0281811	10.0400	0.284589
305.500	-5.54	-0.280670	99.3003	-35379.8	-0.0282583	10.0399	0.297901
306.500	-5.63	-0.282290	113.811	-40317.2	-0.0284214	10.0398	0.341434
307.500	-5.72	-0.281494	104.959	-37286.5	-0.0283413	10.0398	0.314878
308.500	-5.80	-0.283038	108.708	-38407.5	-0.0284967	10.0397	0.326123
309.500	-5.88	-0.283038	105.178	-37160.4	-0.0284967	10.0397	0.315534
310.500	-5.98	-0.284023	109.019	-38383.7	-0.0285959	10.0396	0.327056
311.500	-6.06	-0.284838	108.218	-37993.0	-0.0286779	10.0395	0.324655
312.500	-6.15	-0.285226	111.277	-39013.7	-0.0287170	10.0395	0.333832
313.500	-6.22	-0.285368	107.023	-37503.7	-0.0287313	10.0394	0.321070
314.500	-6.28	-0.286325	109.091	-38100.4	-0.0288277	10.0393	0.327273
315.500	-6.38	-0.286154	104.820	-36630.5	-0.0288105	10.0394	0.314459
316.500	-6.48	-0.286618	108.590	-37886.7	-0.0288572	10.0393	0.325771
317.500	-6.55	-0.286562	108.142	-37737.6	-0.0288515	10.0393	0.324425
318.500	-6.61	-0.286723	107.847	-37613.7	-0.0288677	10.0393	0.323541
319.500	-6.70	-0.287783	108.130	-37573.3	-0.0289745	10.0392	0.324389
320.500	-6.78	-0.288011	107.366	-37278.5	-0.0289974	10.0392	0.322098
321.500	-6.84	-0.288446	107.474	-37259.8	-0.0290413	10.0391	0.322423
322.500	-6.95	-0.288068	102.139	-35456.5	-0.0290031	10.0392	0.306416
323.500	-7.06	-0.289782	108.333	-37384.3	-0.0291758	10.0390	0.324999
324.500	-7.18	-0.288494	106.964	-37076.7	-0.0290461	10.0391	0.320892
325.500	-7.24	-0.289365	105.932	-36608.3	-0.0291338	10.0390	0.317795
326.500	-7.34	-0.289365	107.637	-37197.7	-0.0291338	10.0390	0.322912
327.500	-7.40	-0.290360	107.772	-37116.7	-0.0292339	10.0389	0.323316
328.500	-7.49	-0.290985	107.858	-37066.6	-0.0292969	10.0389	0.323574
329.500	-7.56	-0.291497	108.193	-37116.3	-0.0293484	10.0388	0.324579
330.500	-7.66	-0.291639	108.627	-37247.2	-0.0293627	10.0388	0.325882
331.500	-7.73	-0.292463	110.584	-37811.5	-0.0294456	10.0387	0.331753
332.500	-7.82	-0.291563	104.092	-35701.4	-0.0293550	10.0388	0.312276
333.500	-7.86	-0.293865	108.834	-37035.5	-0.0295868	10.0386	0.326503
334.500	-7.96	-0.292273	102.919	-35213.4	-0.0294266	10.0387	0.308758
335.500	-8.06	-0.291137	94.1672	-32344.7	-0.0293121	10.0389	0.282502
336.500	-8.16	-0.293675	112.629	-38351.5	-0.0295677	10.0386	0.337887
337.500	-8.22	-0.293050	106.930	-36488.7	-0.0295048	10.0387	0.320790
338.500	-8.30	-0.294442	108.003	-36680.6	-0.0296450	10.0385	0.324009
339.500	-8.37	-0.294035	107.776	-36654.0	-0.0296040	10.0386	0.323327
340.500	-8.47	-0.294300	106.783	-36283.5	-0.0296307	10.0385	0.320348
341.500	-8.56	-0.294897	107.594	-36485.4	-0.0296907	10.0385	0.322783
342.500	-8.63	-0.295001	107.944	-36591.1	-0.0297012	10.0385	0.323833
343.500	-8.74	-0.295541	108.322	-36652.0	-0.0297556	10.0384	0.324965
344.500	-8.85	-0.295797	106.174	-35894.3	-0.0297813	10.0384	0.318522
345.500	-8.94	-0.296583	109.712	-36992.1	-0.0298605	10.0383	0.329137
346.500	-9.05	-0.295418	101.446	-34339.8	-0.0297432	10.0384	0.304338
347.500	-9.13	-0.297246	110.365	-37129.2	-0.0299273	10.0382	0.331095
348.500	-9.18	-0.297369	109.234	-36733.5	-0.0299397	10.0382	0.327702
349.500	-9.23	-0.297199	103.560	-34845.4	-0.0299225	10.0383	0.310680
350.500	-9.34	-0.298137	108.179	-36285.2	-0.0300169	10.0382	0.324538
351.500	-9.40	-0.298477	108.524	-36359.1	-0.0300512	10.0381	0.325572
352.500	-9.46	-0.299027	106.551	-35632.6	-0.0301065	10.0381	0.319653
353.500	-9.50	-0.299321	108.332	-36192.6	-0.0301361	10.0380	0.324996
354.500	-9.55	-0.299955	105.795	-35270.1	-0.0302000	10.0380	0.317384
355.500	-9.63	-0.301253	106.466	-35341.0	-0.0303307	10.0378	0.319398
356.500	-9.74	-0.301044	105.330	-34988.3	-0.0303097	10.0379	0.315991
357.500	-9.85	-0.301509	108.617	-36024.6	-0.0303564	10.0378	0.325852
358.500	-9.96	-0.301575	105.159	-34870.1	-0.0303631	10.0378	0.315478
359.500	-10.04	-0.302693	108.372	-35802.8	-0.0304756	10.0377	0.325117
360.500	-10.13	-0.302645	105.236	-34772.0	-0.0304708	10.0377	0.315707
361.500	-10.22	-0.303394	107.621	-35472.4	-0.0305462	10.0376	0.322863
362.500	-10.34	-0.303592	107.586	-35437.6	-0.0305662	10.0376	0.322758
363.500	-10.39	-0.303403	108.231	-35672.3	-0.0305471	10.0376	0.324692
364.500	-10.48	-0.304038	107.643	-35404.4	-0.0306110	10.0376	0.322928
365.500	-10.60	-0.304398	107.322	-35257.3	-0.0306473	10.0375	0.321967
366.500	-10.67	-0.304521	108.466	-35618.6	-0.0306597	10.0375	0.325398
367.500	-10.73	-0.305013	110.576	-36252.8	-0.0307093	10.0375	0.331728
368.500	-10.81	-0.305904	112.391	-36740.7	-0.0307989	10.0374	0.337173
369.500	-10.90	-0.304180	96.6820	-31784.5	-0.0306253	10.0375	0.290046
370.500	-10.96	-0.303649	80.7974	-26608.8	-0.0305719	10.0376	0.242392
371.500	-11.03	-0.306718	102.688	-33479.7	-0.0308809	10.0373	0.308065
372.500	-11.09	-0.307400	115.196	-37474.2	-0.0309496	10.0372	0.345588
373.500	-11.19	-0.306292	96.4354	-31484.8	-0.0308380	10.0373	0.289306
374.500	-11.25	-0.307343	99.5991	-32406.5	-0.0309439	10.0372	0.298797
375.500	-11.34	-0.308622	112.236	-36366.7	-0.0310726	10.0371	0.336707
376.500	-11.44	-0.308224	102.550	-33271.1	-0.0310326	10.0371	0.307649
377.500	-11.52	-0.310365	112.849	-36360.0	-0.0312481	10.0369	0.338546
378.500	-11.63	-0.308149	103.743	-33666.5	-0.0310249	10.0371	0.311228
379.500	-11.72	-0.310536	109.773	-35349.6	-0.0312653	10.0369	0.329319
380.500	-11.81	-0.309655	108.458	-35025.5	-0.0311766	10.0370	0.325374
381.500	-11.90	-0.309986	109.121	-35201.7	-0.0312099	10.0370	0.327362
382.500	-11.99	-0.310394	108.377	-34915.9	-0.0312510	10.0369	0.325130
383.500	-12.06	-0.310185	108.241	-34895.7	-0.0312300	10.0369	0.324724
384.500	-12.15	-0.310564	106.533	-34302.9	-0.0312681	10.0369	0.319598
385.500	-12.23	-0.310697	109.638	-35287.7	-0.0312815	10.0369	0.328913
386.500	-12.32	-0.310687	108.139	-34806.2	-0.0312805	10.0369	0.324416
387.500	-12.39	-0.310725	105.843	-34063.2	-0.0312843	10.0369	0.317528
388.500	-12.48	-0.311814	108.272	-34723.4	-0.0313940	10.0368	0.324817
389.500	-12.53	-0.312345	108.942	-34878.8	-0.0314474	10.0367	0.326826
390.500	-12.61	-0.312383	105.055	-33630.1	-0.0314512	10.0367	0.315164
391.500	-12.69	-0.313216	109.007	-34802.4	-0.0315351	10.0366	0.327020
392.500	-12.77	-0.312222	96.2076	-30813.9	-0.0314350	10.0367	0.288623
393.500	-12.84	-0.314485	111.387	-35418.7	-0.0316629	10.0365	0.334160
394.500	-12.94	-0.314059	107.845	-34339.1	-0.0316200	10.0366	0.323535
395.500	-13.03	-0.312837	96.7551	-30928.2	-0.0314970	10.0367	0.290265
396.500	-13.12	-0.314808	111.700	-35481.9	-0.0316954	10.0365	0.335099
397.500	-13.22	-0.314078	104.240	-33189.3	-0.0316219	10.0366	0.312721
398.500	-13.30	-0.314173	97.7761	-31121.8	-0.0316315	10.0365	0.293328
399.500	-13.35	-0.316048	112.629	-35636.6	-0.0318203	10.0364	0.337887
400.500	-13.46	-0.315395	102.320	-32441.9	-0.0317545	10.0364	0.306960
401.500	-13.56	-0.314116	93.7395	-29842.3	-0.0316257	10.0365	0.281218
402.500	-13.64	-0.316948	111.834	-35284.6	-0.0319109	10.0363	0.335502
403.500	-13.76	-0.315366	102.710	-32568.4	-0.0317516	10.0364	0.308129
404.500	-13.82	-0.315262	96.5559	-30627.2	-0.0317411	10.0364	0.289668
405.500	-13.88	-0.317147	111.340	-35106.7	-0.0319309	10.0362	0.334020
406.500	-13.95	-0.317081	104.656	-33006.2	-0.0319242	10.0362	0.313969
407.500	-14.03	-0.318151	105.342	-33110.6	-0.0320320	10.0361	0.316026
408.500	-14.12	-0.318445	108.272	-34000.3	-0.0320616	10.0361	0.324817
409.500	-14.19	-0.318568	108.275	-33988.1	-0.0320740	10.0361	0.324826
410.500	-14.29	-0.318776	109.886	-34471.3	-0.0320950	10.0361	0.329659
411.500	-14.41	-0.317791	97.1931	-30584.0	-0.0319958	10.0362	0.291579
412.500	-14.49	-0.319866	110.836	-34650.7	-0.0322046	10.0360	0.332507
413.500	-14.56	-0.318881	111.455	-34951.8	-0.0321054	10.0361	0.334364
414.500	-14.63	-0.317895	92.4664	-29087.0	-0.0320063	10.0362	0.277399
415.500	-14.74	-0.319487	104.306	-32647.9	-0.0321665	10.0360	0.312917
416.500	-14.83	-0.319468	113.633	-35569.5	-0.0321646	10.0360	0.340899
417.500	-14.91	-0.318094	95.0681	-29886.8	-0.0320263	10.0361	0.285204
418.500	-15.00	-0.320879	107.729	-33573.2	-0.0323067	10.0359	0.323188
419.500	-15.08	-0.319525	108.977	-34106.1	-0.0321703	10.0360	0.326932
420.500	-15.17	-0.319743	104.522	-32689.3	-0.0321922	10.0360	0.313565
421.500	-15.25	-0.320027	107.941	-33728.8	-0.0322208	10.0360	0.323823
422.500	-15.35	-0.320557	110.764	-34553.5	-0.0322742	10.0359	0.332291
423.500	-15.41	-0.319724	102.902	-32184.7	-0.0321903	10.0360	0.308706
424.500	-15.50	-0.321912	106.860	-33195.5	-0.0324106	10.0358	0.320581
425.500	-15.57	-0.321760	108.172	-33618.8	-0.0323954	10.0358	0.324516
426.500	-15.65	-0.321969	108.757	-33778.9	-0.0324163	10.0358	0.326272
427.500	-15.73	-0.321760	105.528	-32797.0	-0.0323954	10.0358	0.316583
428.500	-15.80	-0.322234	107.951	-33500.8	-0.0324430	10.0357	0.323853
429.500	-15.88	-0.324033	112.896	-34840.8	-0.0326242	10.0355	0.338687
430.500	-15.94	-0.322622	98.5001	-30531.1	-0.0324821	10.0357	0.295500
431.500	-16.01	-0.322357	82.8010	-25686.1	-0.0324554	10.0357	0.248403
432.500	-16.09	-0.324971	99.6374	-30660.4	-0.0327187	10.0355	0.298912
433.500	-16.17	-0.325369	117.631	-36153.2	-0.0327587	10.0354	0.352894
434.500	-16.26	-0.323598	94.2906	-29138.2	-0.0325804	10.0356	0.282872
435.500	-16.35	-0.322821	84.7948	-26266.8	-0.0325022	10.0357	0.254384
436.500	-16.44	-0.327424	118.335	-36141.3	-0.0329657	10.0352	0.355006
437.500	-16.55	-0.324924	106.524	-32784.4	-0.0327139	10.0355	0.319573
438.500	-16.66	-0.323475	79.8620	-24688.8	-0.0325680	10.0356	0.239586
439.500	-16.73	-0.322215	65.2203	-20241.3	-0.0324411	10.0357	0.195661
440.500	-16.82	-0.328050	111.364	-33947.5	-0.0330286	10.0351	0.334093
441.500	-16.91	-0.326222	118.816	-36421.8	-0.0328445	10.0353	0.356448
442.500	-16.97	-0.324715	93.1415	-28684.0	-0.0326929	10.0355	0.279425
443.500	-17.03	-0.326544	96.6935	-29611.2	-0.0328770	10.0353	0.290081
444.500	-17.15	-0.327690	112.235	-34250.5	-0.0329924	10.0352	0.336706
445.500	-17.23	-0.326496	99.4353	-30455.3	-0.0328722	10.0353	0.298306
446.500	-17.32	-0.328419	107.217	-32646.5	-0.0330658	10.0351	0.321652
447.500	-17.40	-0.327368	108.657	-33191.2	-0.0329599	10.0352	0.325971
448.500	-17.48	-0.328088	102.859	-31351.0	-0.0330324	10.0351	0.308576
449.500	-17.57	-0.328874	107.155	-32582.5	-0.0331116	10.0351	0.321466
450.500	-17.65	-0.328419	103.329	-31462.5	-0.0330658	10.0351	0.309986
451.500	-17.75	-0.328959	109.153	-33181.3	-0.0331202	10.0351	0.327459
452.500	-17.82	-0.327358	90.2295	-27562.9	-0.0329590	10.0352	0.270689
453.500	-17.89	-0.330664	106.555	-32224.7	-0.0332918	10.0349	0.319666
454.500	-17.95	-0.330579	120.172	-36352.1	-0.0332832	10.0349	0.360517
455.500	-18.03	-0.328751	94.8193	-28842.3	-0.0330992	10.0351	0.284458
456.500	-18.10	-0.328618	82.6497	-25150.7	-0.0330858	10.0351	0.247949
457.500	-18.19	-0.333146	118.623	-35606.9	-0.0335417	10.0346	0.355869
458.500	-18.27	-0.330711	109.236	-33030.6	-0.0332966	10.0349	0.327707
459.500	-18.34	-0.328845	80.3150	-24423.3	-0.0331087	10.0351	0.240945
460.500	-18.47	-0.328040	65.0258	-19822.5	-0.0330276	10.0351	0.195077
461.500	-18.56	-0.334197	127.475	-38143.7	-0.0336475	10.0345	0.382425
462.500	-18.63	-0.332369	131.271	-39495.6	-0.0334635	10.0347	0.393813
463.500	-18.69	-0.330512	101.366	-30669.2	-0.0332766	10.0349	0.304097
464.500	-18.79	-0.328826	68.2338	-20750.7	-0.0331068	10.0351	0.204701
465.500	-18.87	-0.329319	67.3754	-20459.0	-0.0331564	10.0350	0.202126
466.500	-18.96	-0.336755	143.283	-42548.1	-0.0339050	10.0343	0.429848
467.500	-19.05	-0.333780	137.044	-41058.2	-0.0336056	10.0346	0.411133
468.500	-19.19	-0.330863	99.2619	-30000.9	-0.0333118	10.0349	0.297786
469.500	-19.25	-0.328637	63.5944	-19351.0	-0.0330877	10.0351	0.190783
470.500	-19.34	-0.331014	75.5238	-22815.9	-0.0333271	10.0348	0.226572
471.500	-19.43	-0.335836	143.175	-42632.5	-0.0338125	10.0344	0.429525
472.500	-19.53	-0.334889	138.629	-41395.5	-0.0337172	10.0345	0.415887
473.500	-19.59	-0.331308	105.012	-31696.1	-0.0333567	10.0348	0.315035
474.500	-19.67	-0.331393	77.0565	-23252.3	-0.0333652	10.0348	0.231170
475.500	-19.75	-0.331962	78.4009	-23617.5	-0.0334225	10.0348	0.235203
476.500	-19.79	-0.336290	131.423	-39080.4	-0.0338583	10.0343	0.394271
477.500	-19.85	-0.335182	125.018	-37298.6	-0.0337467	10.0344	0.375055
478.500	-19.91	-0.334794	103.730	-30983.2	-0.0337076	10.0345	0.311190
479.500	-20.03	-0.333742	79.3269	-23768.9	-0.0336018	10.0346	0.237981
480.500	-20.09	-0.331355	50.3569	-15197.2	-0.0333614	10.0348	0.151071
481.500	-20.07	-0.332378	45.7247	-13756.8	-0.0334644	10.0347	0.137174
482.500	-19.99	-0.340591	114.181	-33524.3	-0.0342913	10.0339	0.342542
483.500	-19.87	-0.343612	164.945	-48003.2	-0.0345955	10.0336	0.494835
484.500	-19.73	-0.346975	184.698	-53230.9	-0.0349340	10.0332	0.554093
485.500	-19.62	-0.350669	197.903	-56435.7	-0.0353060	10.0329	0.593708
486.500	-19.50	-0.353198	205.021	-58046.9	-0.0355606	10.0326	0.615062
487.500	-19.45	-0.355528	204.104	-57408.5	-0.0357952	10.0324	0.612311
488.500	-19.38	-0.357148	198.246	-55508.0	-0.0359583	10.0322	0.594738
489.500	-19.36	-0.358408	187.837	-52408.7	-0.0360851	10.0321	0.563510

[step]
Temperature Sweep - 2
Angular frequency	Step time	Temperature	Oscillation strain	Oscillation stress	Tan(delta)	Storage modulus	Loss modulus
rad/s	s	°C	%	kPa		kPa	kPa
3.14159	4.00386	-20.02	9.54357e-3	181.049	0.101950	1887290	192410
6.76836	26.5678	-20.00	7.84917e-3	156.158	0.0842543	1982460	167031
14.5820	45.3775	-20.00	4.77251e-3	98.8366	0.0737101	2065350	152237
31.4159	65.9070	-20.01	2.31049e-3	50.1947	0.0639455	2168040	138637
67.6836	83.5990	-19.98	1.20663e-3	26.1425	0.0619501	2162430	133963
145.820	101.099	-19.99	8.00467e-4	17.4578	0.0900755	2172160	195658
314.159	109.722	-20.01	8.15331e-4	17.7511	-0.0186946	2176780	-40693.9
3.14159	325.815	-14.99	9.69328e-3	154.996	0.110659	1589300	175871
6.76836	336.381	-14.99	8.29493e-3	143.482	0.112867	1718840	194001
14.5820	364.226	-15.00	5.20345e-3	95.1201	0.0939494	1820010	170989
31.4159	386.771	-14.99	2.58361e-3	49.4023	0.0764085	1906580	145679
67.6836	407.661	-15.00	1.31144e-3	25.7906	0.0542482	1963700	106527
145.820	430.186	-14.99	8.49916e-4	16.9233	0.108559	1979540	214898
314.159	443.110	-14.99	8.76496e-4	17.5389	0.0101258	2000920	20260.9
3.14159	657.196	-9.99	9.87925e-3	131.254	0.159389	1312020	209123
6.76836	667.762	-9.99	8.80592e-3	127.571	0.147534	1433180	211443
14.5820	690.586	-9.99	5.85905e-3	90.8061	0.127168	1537460	195516
31.4159	717.147	-9.99	2.94805e-3	48.8212	0.103828	1647200	171026
67.6836	734.839	-10.00	1.48544e-3	25.6845	0.0825513	1723220	142254
145.820	756.171	-10.00	9.70313e-4	17.4241	0.0616598	1792310	110514
314.159	780.268	-10.00	9.69807e-4	17.4332	0.0373192	1796340	67038.1
3.14159	996.367	-4.99	0.0100285	104.350	0.211499	1018010	215308
6.76836	1006.92	-4.99	9.35581e-3	108.679	0.193561	1140460	220748
14.5820	1029.76	-4.99	6.79275e-3	86.1600	0.169573	1250560	212061
31.4159	1054.30	-4.99	3.61402e-3	49.8077	0.148184	1363290	202018
67.6836	1072.00	-4.99	1.86650e-3	27.6903	0.124973	1472090	183971
145.820	1089.48	-5.00	1.25992e-3	19.5469	0.0900201	1545200	139099
314.159	1098.12	-5.00	1.12523e-3	18.3144	0.216797	1590670	344852
3.14159	1304.25	0.01	0.0101027	78.1426	0.274573	745876	204798
6.76836	1338.30	0.01	9.86741e-3	87.1502	0.253544	856124	217065
14.5820	1361.16	0.00	7.93495e-3	78.5539	0.227958	965212	220028
31.4159	1390.73	0.00	4.56560e-3	50.4046	0.204931	1081530	221639
67.6836	1408.43	0.01	2.50726e-3	30.5041	0.178431	1197710	213709
145.820	1425.92	0.01	1.71328e-3	22.5534	0.142123	1303290	185228
314.159	1434.55	0.01	1.50461e-3	20.5349	0.115310	1355810	156339
3.14159	1638.64	5.02	0.0101111	53.5912	0.340326	501763	170763
6.76836	1664.22	5.02	0.0101101	63.3930	0.317302	597660	189639
14.5820	1677.68	5.01	8.92306e-3	64.6147	0.292331	695042	203182
31.4159	1697.21	5.01	5.61883e-3	46.5511	0.263337	801171	210978
67.6836	1715.89	5.00	3.10111e-3	29.1506	0.236366	914798	216227
145.820	1733.38	5.01	2.07667e-3	21.7046	0.202986	1024270	207913
314.159	1742.01	5.01	1.76882e-3	19.8584	0.177015	1105510	195692
3.14159	1950.13	10.02	0.0100752	35.1279	0.403893	323284	130572
6.76836	1984.33	10.00	0.0101872	42.7901	0.382758	392283	150149
14.5820	2008.14	10.00	9.65860e-3	48.0653	0.357330	468623	167453
31.4159	2031.69	10.01	6.91500e-3	40.5519	0.330751	556770	184152
67.6836	2049.40	10.01	3.96112e-3	27.0842	0.304767	654050	199333
145.820	2066.89	10.00	2.60576e-3	20.4614	0.272079	757692	206152
314.159	2075.51	10.00	2.11984e-3	18.8708	0.357261	838304	299493
3.14159	2285.75	15.01	0.0100398	21.7241	0.466444	196096	91467.8
6.76836	2306.28	15.02	0.0101551	27.4402	0.445890	246790	110041
14.5820	2329.83	15.01	0.0100256	33.0208	0.421237	303534	127860
31.4159	2342.51	15.00	8.21938e-3	32.4378	0.397965	366680	145926
67.6836	2360.19	15.01	5.06697e-3	24.1352	0.369780	446759	165203
145.820	2377.69	15.01	3.32446e-3	18.7676	0.344402	533762	183829
314.159	2386.31	15.01	2.67214e-3	17.4917	0.327729	622041	203861
3.14159	2590.42	20.00	9.97497e-3	13.1771	0.509701	117695	59989.4
6.76836	2610.95	20.01	0.0100917	16.9674	0.499594	150406	75142.2
14.5820	2629.78	20.01	0.0101296	21.3122	0.483475	189419	91579.4
31.4159	2651.31	20.01	9.10013e-3	23.7510	0.460988	237023	109265
67.6836	2669.00	20.00	6.28750e-3	20.2098	0.436055	294635	128477
145.820	2686.49	20.00	4.23909e-3	16.5439	0.414665	360505	149489
314.159	2695.13	20.00	3.35586e-3	15.7276	0.406422	434171	176457
3.14159	2901.25	25.02	9.94860e-3	7.97327	0.515592	71233.8	36727.6
6.76836	2921.80	25.01	0.0100255	10.3696	0.526911	91507.1	48216.1
14.5820	2940.62	25.01	0.0101046	13.3282	0.526764	116701	61474.1
31.4159	2965.18	25.01	9.61171e-3	16.1312	0.518542	148989	77257.2
67.6836	2973.80	25.01	7.46035e-3	15.7650	0.498984	189085	94350.1
145.820	2995.02	25.01	5.27301e-3	13.9419	0.482246	238155	114849
314.159	3003.65	25.01	4.17405e-3	13.6287	0.479357	294430	141137
3.14159	3207.75	30.01	9.93511e-3	5.00454	0.484550	45330.9	21965.1
6.76836	3228.30	30.01	9.99201e-3	6.42974	0.517194	57156.9	29561.2
14.5820	3260.16	30.02	0.0100825	8.27054	0.541524	72131.7	39061.1
31.4159	3293.74	30.00	9.77053e-3	10.3281	0.552568	92521.6	51124.4
67.6836	3302.36	30.00	7.94879e-3	10.7919	0.549516	118986	65384.6
145.820	3319.85	30.00	5.43923e-3	9.41141	0.542723	152075	82534.8
314.159	3328.47	29.99	4.28650e-3	9.34873	0.558648	190401	106367
3.14159	3532.57	35.02	9.92495e-3	3.24010	0.447612	29797.1	13337.6
6.76836	3555.13	35.00	0.0102633	4.22308	0.482226	37063.0	17872.8
14.5820	3573.93	35.01	0.0103281	5.36370	0.527715	45929.8	24237.9
31.4159	3592.84	35.01	0.0101572	6.79115	0.564703	58219.0	32876.4
67.6836	3601.44	35.00	8.51126e-3	7.33006	0.559197	75167.6	42033.5
145.820	3618.94	35.01	5.90825e-3	6.59800	0.598127	95839.0	57324.0
314.159	3627.57	35.00	5.07076e-3	7.29347	0.628819	121761	76565.8
3.14159	3831.67	40.01	0.0101939	2.21812	0.399935	20203.4	8080.05
6.76836	3842.23	40.02	0.0112331	3.06198	0.447704	24879.0	11138.4
14.5820	3851.68	40.01	0.0122639	4.14776	0.495934	30299.5	15026.6
31.4159	3869.25	40.01	0.0121475	5.22056	0.545777	37723.6	20588.7
67.6836	3891.58	40.01	0.0104479	5.81537	0.585113	48041.3	28109.6
145.820	3900.32	39.99	8.25396e-3	5.93397	0.624925	60966.7	38099.6
314.159	3976.88	39.99	7.54152e-3	7.14757	0.678601	78424.0	53218.6
3.14159	4181.00	45.02	0.0121937	1.83909	0.382289	14087.9	5385.67
6.76836	4191.55	45.01	0.0134354	2.52554	0.416469	17352.9	7226.94
14.5820	4200.99	45.01	0.0147976	3.40886	0.466037	20880.4	9731.05
31.4159	4218.56	45.01	0.0146976	4.18713	0.514292	25334.5	13029.3
67.6836	4240.42	45.01	0.0140543	5.13385	0.574299	31676.6	18191.9
145.820	4257.91	45.00	0.0126488	6.00321	0.630610	40144.9	25315.8
314.159	4275.28	45.00	0.0112130	7.07088	0.695566	51768.1	36008.2
3.14159	4479.37	50.02	0.0147828	1.59487	0.384513	10069.9	3872.01
6.76836	4489.92	50.02	0.0162952	2.12511	0.415198	12044.4	5000.81
14.5820	4499.35	50.01	0.0179373	2.87085	0.440354	14647.6	6450.15
31.4159	4508.02	50.02	0.0194629	3.82749	0.490619	17655.2	8661.97
67.6836	4525.69	50.00	0.0173423	4.16436	0.536441	21160.3	11351.3
145.820	4543.18	50.00	0.0153012	4.84212	0.610690	27007.6	16493.2
314.159	4560.52	50.03	0.0144441	5.92795	0.719091	33320.3	23960.3
3.14159	4764.62	55.02	0.0196451	1.56253	0.366294	7468.53	2735.68
6.76836	4775.18	55.02	0.0216138	2.07075	0.393411	8915.55	3507.48
14.5820	4784.62	55.02	0.0237784	2.75975	0.424959	10681.6	4539.25
31.4159	4793.28	55.00	0.0259970	3.68276	0.475084	12795.5	6078.93
67.6836	4813.94	55.01	0.0252705	4.41435	0.509176	15566.7	7926.16
145.820	4831.42	55.02	0.0238005	5.29390	0.584956	19199.3	11230.8
314.159	4848.75	54.99	0.0222181	6.45605	0.682232	24003.6	16376.0
3.14159	5052.88	60.01	0.0261324	1.55424	0.326402	5654.02	1845.48
6.76836	5063.43	60.00	0.0287622	2.05048	0.378262	6667.99	2522.25
14.5820	5072.87	60.01	0.0317182	2.72013	0.403834	7951.99	3211.28
31.4159	5083.73	60.02	0.0344567	3.54352	0.441387	9408.26	4152.69
67.6836	5092.34	60.00	0.0315950	3.92306	0.504279	11086.8	5590.84
145.820	5110.44	60.02	0.0286231	4.52179	0.561530	13774.6	7734.85
314.159	5127.82	60.02	0.0273841	5.32581	0.689783	16009.3	11043.0
3.14159	5331.91	65.00	0.0347981	1.60139	0.281931	4429.28	1248.75
6.76836	5342.46	65.03	0.0382812	2.06572	0.350660	5092.16	1785.62
14.5820	5351.89	64.99	0.0420881	2.71034	0.382240	6015.23	2299.26
31.4159	5360.57	65.03	0.0460104	3.59142	0.422089	7191.32	3035.37
67.6836	5378.25	64.99	0.0449487	4.26063	0.483381	8534.14	4125.24
145.820	5395.75	65.00	0.0430549	5.05789	0.518631	10428.4	5408.51
314.159	5404.37	65.01	0.0372855	5.13154	0.653616	11520.3	7529.84
3.14159	5608.47	70.02	0.0463029	1.81200	0.237332	3807.60	903.666
6.76836	5619.02	70.00	0.0509396	2.22517	0.274121	4212.84	1154.83
14.5820	5628.47	70.01	0.0561094	2.83869	0.326737	4809.01	1571.28
31.4159	5637.13	70.03	0.0609985	3.65920	0.383980	5600.17	2150.35
67.6836	5654.82	70.02	0.0578110	4.19481	0.376342	6791.07	2555.77
145.820	5672.30	69.99	0.0557551	4.93334	0.496554	7924.99	3935.19
314.159	5689.64	70.00	0.0536692	5.74799	0.603549	9169.39	5534.18
3.14159	5893.77	75.04	0.0616424	2.17164	0.140299	3488.80	489.476
6.76836	5904.33	75.01	0.0677927	2.56930	0.195325	3719.64	726.537
14.5820	5913.77	75.01	0.0747925	3.12676	0.254372	4051.55	1030.60
31.4159	5922.43	75.01	0.0790466	3.80826	0.325655	4580.95	1491.81
67.6836	5931.06	75.02	0.0714751	4.03713	0.377978	5283.48	1997.04
145.820	5948.55	74.99	0.0727246	4.98227	0.463953	6214.58	2883.28
314.159	5965.91	74.97	0.0698819	5.55488	0.596689	6826.13	4073.07
3.14159	6187.75	80.01	0.0797755	2.66853	0.0798342	3334.44	266.202
6.76836	6208.29	80.01	0.0881016	3.09452	0.119182	3487.76	415.677
14.5820	6227.08	79.99	0.0952686	3.55321	0.182638	3668.98	670.096
31.4159	6235.73	80.01	0.0931952	3.89694	0.236947	4068.82	964.092
67.6836	6244.35	79.99	0.0835664	3.93666	0.300769	4511.19	1356.83
145.820	6253.08	80.00	0.0787972	4.25066	0.413612	4984.86	2061.79
314.159	6270.41	80.00	0.0847846	5.36511	0.540934	5565.80	3010.73

