Filename	A0V100-5
Instrument name	4020-0324
Operator	AD
rundate	9/29/2026
Sample name	A0V100-5
Geometry name	Tension fixture (rectangle)
Procedure name	TMA IsoForce Temperature Ramp
	Flow Axial Test
	AutoTension AutoStrain Settings
	Standard Oscillatory Temperature Sweep
proceduresegments	TMA IsoForce Temperature Ramp#Flow Axial Test#Standard Oscillatory Temperature Sweep
[File Parameters]
Name	A0V100-5
Instrument type	RSAG2
Instrument serial number	4020-0324
Instrument name	4020-0324
Instrument location	Univ of Colorado
Company name	Univ of Colorado
Trios version	5.1.1.46572
File name	C:\ProgramData\TA Instruments\TRIOS\Data\Daphne\MJF\A0V100-5.tri
Run date	9/29/2026 8:31:23 AM
Time at start of test	23.8063
[Geometry Parameters]
Geometry Type	Linear tension
Name	Tension fixture (rectangle)
Length	10.01 mm
Width	3.0 mm
Thickness	1.0 mm
Loading gap	10.01 mm
Notes	



[Geometry Extended Parameters]
Expansion coefficient	2.6 µm/°C
Move stage to maintain starting gap	Passive
Orientation Angle	0.0
Upper Compliance	0.0 µm/kg
Lower Compliance	0.0 µm/kg
Upper Geometry Mass	95.62 g
Stress constant (linear)	333333 Pa/N
Strain constant (linear)	99.9001 1/m
[Instrument Parameters]
GapZeroSetback	1000 [mm]
GapFast	0.0100000
GapSlow	1.00000e-5
Temperature limit	620.000 [°C]
[Firmware Versions]
Code Image Loader	V2018.5.29
Main Embedded Kernel	V2019.10.10
Power Board	V2017.1.11
Linear Encoder Board	V2017.1.11
Stepper / Rear Panel Board	V2017.1.11
Phase Fire Board	V2019.7.19
FCO PRT Board	V2011.9.7
[Calibration Date Information]
Phase angle correction calibration	8/7/2019 6:40 PM
Transducer static normal calibration	5/3/2024 1:39 PM
Filter lag correction calibration	3/2/2018 1:31 PM
Motor torque/motor force constant calibration	3/2/2018 12:07 PM
Actuator deflection scale constant calibration	3/2/2018 12:58 PM
Magnet temperature scaling factor calibration	3/6/2018 8:43 AM
Programmable gain amplifier calibration	3/2/2018 1:15 PM
[Calibration Parameters]
SPFrtScaleLow	370.8792
SPFrtScaleMid	3708.792
Transducer full scale	3708.792
SPNrmScale	1.549643
SPXducerMass	555.4000
SPXducerNormDamping	-0.93000
SPXducerNormSpringConst	1.500000
[Temperature Control Information]
TempOffsetTbl01	FCO/Upper Tool PRT offset 
TempOffsetTbl02	FCO/Lower Tool PRT offset 
TempOffsetTbl03	FCO/Middle PRT offset 
Temperature option	None
[step]
Temperature Sweep - 2
Angular frequency	Step time	Temperature	Oscillation strain	Oscillation stress	Tan(delta)	Storage modulus	Loss modulus
rad/s	s	°C	%	kPa		kPa	kPa
3.14159	4.00366	-0.01	4.47252e-4	9.37403	-0.131183	2078110	-272614
6.76836	14.5592	-0.01	3.61571e-4	8.18508	0.0115550	2263600	26155.9
14.5820	23.9988	0.00	2.21886e-4	5.30611	0.0322264	2390130	77025.4
31.4159	32.7030	-0.01	1.17934e-4	2.84348	0.0333688	2409740	80410.1
67.6836	41.3120	-0.01	7.48173e-5	1.81962	7.30253e-3	2432020	17759.9
145.820	50.0318	0.00	6.19475e-5	1.47392	0.0885575	2370030	209884
314.159	58.6530	0.00	6.52925e-5	1.46783	-0.0589323	2244180	-132255
3.14159	256.605	5.01	6.75648e-4	14.1989	-0.0298481	2100590	-62698.8
6.76836	267.159	5.01	5.49475e-4	12.2694	0.0155324	2232660	34678.5
14.5820	276.606	5.01	3.36912e-4	7.71749	0.0326917	2289430	74845.4
31.4159	285.308	5.01	1.80155e-4	4.14932	0.0415582	2301210	95634.2
67.6836	293.929	5.01	1.04226e-4	2.41897	0.0397318	2319050	92140.2
145.820	302.649	5.01	8.09539e-5	1.96972	0.0522354	2429830	126923
314.159	311.258	5.01	8.17432e-5	1.95692	0.136126	2372110	322907
3.14159	509.200	10.02	9.23412e-4	19.2298	0.0374912	2081010	78019.4
6.76836	519.754	10.02	7.38403e-4	16.0309	0.0285419	2170130	61939.7
14.5820	529.189	10.01	4.56266e-4	10.1421	0.0303438	2221820	67418.4
31.4159	537.891	10.01	2.45977e-4	5.47233	0.0283423	2223840	63028.8
67.6836	546.502	10.01	1.41406e-4	3.22152	0.0340259	2276880	77473.1
145.820	555.224	10.00	1.06138e-4	2.44277	0.0687309	2296090	157812
314.159	563.845	10.00	1.04577e-4	2.44948	0.0914650	2332540	213346
3.14159	761.807	15.02	1.13884e-3	23.3532	0.0343795	2049400	70457.5
6.76836	772.373	15.01	9.29496e-4	19.8949	0.0366957	2138960	78490.4
14.5820	781.820	15.01	5.85625e-4	12.5913	0.0393493	2148400	84538.2
31.4159	790.522	15.01	3.13251e-4	6.82034	0.0239465	2176650	52123.1
67.6836	799.133	15.01	1.82117e-4	3.98083	0.0220376	2185330	48159.5
145.820	807.865	15.00	1.31242e-4	2.94023	-0.0206161	2239830	-46176.7
314.159	816.486	15.01	1.30714e-4	2.94220	0.131988	2231530	294534
3.14159	1014.43	20.01	1.38975e-3	26.4693	0.0404078	1903050	76898.2
6.76836	1025.00	20.01	1.15375e-3	23.1213	0.0396389	2002430	79374.3
14.5820	1034.45	20.01	7.28271e-4	15.1106	0.0428238	2072960	88771.9
31.4159	1043.15	20.01	3.90555e-4	8.23679	0.0448692	2106880	94533.9
67.6836	1051.76	20.01	2.26174e-4	4.82416	0.0439635	2130890	93681.1
145.820	1060.48	20.01	1.65886e-4	3.53969	0.0719572	2128310	153147
314.159	1069.09	20.00	1.46639e-4	3.23186	0.134308	2184350	293377
3.14159	1269.05	25.01	1.44721e-3	26.1257	0.0346839	1804150	62575.0
6.76836	1279.60	25.01	1.21962e-3	23.2665	0.0457748	1905690	87232.4
14.5820	1289.04	25.01	7.81049e-4	15.3416	0.0462166	1962140	90683.3
31.4159	1297.74	25.01	4.23758e-4	8.41560	0.0443439	1984000	87978.1
67.6836	1306.35	25.01	2.44308e-4	4.96313	0.0488379	2029090	99096.4
145.820	1315.07	25.01	1.77577e-4	3.63847	0.0761247	2043040	155526
314.159	1323.69	25.02	1.58010e-4	3.30889	0.135971	2075010	282141
3.14159	1521.63	30.00	1.46737e-3	25.0726	0.0550118	1706090	93855.1
6.76836	1532.18	30.01	1.25115e-3	22.5948	0.0612548	1802550	110415
14.5820	1541.63	30.01	8.27031e-4	15.1437	0.0581904	1828000	106372
31.4159	1550.34	30.00	4.49343e-4	8.39896	0.0549199	1866350	102500
67.6836	1558.95	30.01	2.60082e-4	4.96023	0.0598702	1903770	113979
145.820	1567.69	30.00	1.88112e-4	3.64211	0.0729260	1931010	140821
314.159	1576.30	30.01	1.65538e-4	3.30809	0.131722	1981270	260978
3.14159	1774.24	35.01	1.48730e-3	21.0803	0.0547608	1415230	77499.2
6.76836	1784.79	35.02	1.32025e-3	21.0085	0.0760944	1586670	120736
14.5820	1794.23	35.01	8.87673e-4	14.7985	0.0776475	1662110	129059
31.4159	1802.94	35.02	4.84260e-4	8.36229	0.0620159	1723510	106885
67.6836	1811.54	35.01	2.87157e-4	4.96498	0.0789807	1723640	136135
145.820	1820.28	35.00	2.02501e-4	3.64593	0.0904407	1793140	162173
314.159	1828.90	35.01	1.78120e-4	3.30756	0.147321	1837090	270643
3.14159	2026.86	40.02	1.53259e-3	18.1431	0.0756800	1180440	89335.7
6.76836	2037.42	40.02	1.39707e-3	18.9763	0.116807	1349120	157586
14.5820	2046.86	40.00	9.87762e-4	14.1867	0.101951	1428840	145672
31.4159	2055.57	40.02	5.48193e-4	8.25017	0.0897485	1498950	134529
67.6836	2064.18	39.99	3.15689e-4	4.91692	0.108017	1548510	167266
145.820	2072.90	40.00	2.24883e-4	3.61917	0.116479	1598550	186198
314.159	2081.54	40.01	1.95037e-4	3.30054	0.175646	1666750	292758
3.14159	2279.49	45.01	1.56776e-3	12.9247	0.156073	814542	127128
6.76836	2294.69	45.02	1.49222e-3	15.3930	0.164043	1017940	166986
14.5820	2304.13	45.01	1.14974e-3	12.9013	0.154452	1108960	171281
31.4159	2312.83	44.99	6.66586e-4	7.98476	0.148829	1184810	176334
67.6836	2322.56	45.01	3.36906e-4	4.58868	0.0614655	1359440	83558.7
145.820	2331.29	44.99	2.65399e-4	3.56754	0.152032	1328950	202042
314.159	2339.90	45.01	2.29317e-4	3.24783	0.204631	1387550	283936
3.14159	2537.84	50.02	1.63337e-3	7.68345	0.271935	453920	123437
6.76836	2548.40	50.02	1.60956e-3	11.7726	0.260162	707855	184157
14.5820	2557.83	50.01	1.35861e-3	11.3436	0.232071	813326	188749
31.4159	2566.53	50.03	8.28554e-4	7.80840	0.228746	918684	210146
67.6836	2575.17	50.00	4.78219e-4	4.79834	0.209148	982126	205410
145.820	2583.89	49.99	3.23351e-4	3.53670	0.202336	1072040	216912
314.159	2592.50	50.01	2.72356e-4	3.25876	0.236833	1164300	275744
3.14159	2790.48	55.02	1.66569e-3	4.32176	0.485373	233415	113293
6.76836	2801.03	54.99	1.68657e-3	8.34973	0.381648	462530	176523
14.5820	2810.47	55.01	1.55493e-3	9.00547	0.324232	550920	178626
31.4159	2819.18	55.02	1.05805e-3	7.08833	0.282809	644656	182315
67.6836	2827.79	55.00	5.92642e-4	4.56672	0.247164	748060	184893
145.820	2836.51	55.01	4.08693e-4	3.44610	0.258376	816391	210935
314.159	2845.14	54.99	3.39797e-4	3.18778	0.289952	901030	261256
3.14159	3043.07	60.04	1.74246e-3	2.83977	0.763247	129551	98879.4
6.76836	3053.62	60.00	1.94028e-3	5.86211	0.505340	269652	136266
14.5820	3063.06	60.01	1.91035e-3	7.23211	0.449664	345274	155257
31.4159	3071.76	60.01	1.49943e-3	6.88875	0.395098	427284	168819
67.6836	3080.37	60.01	9.03259e-4	4.88227	0.359263	508685	182752
145.820	3089.10	59.99	5.98975e-4	3.75370	0.342252	592922	202929
314.159	3097.71	60.00	4.81226e-4	3.49686	0.369850	681537	252067
3.14159	3295.68	65.01	1.89978e-3	2.16782	0.813180	88532.2	71992.7
6.76836	3306.24	65.00	2.12015e-3	3.71192	0.657193	146310	96154.0
14.5820	3315.68	65.01	2.14621e-3	4.95061	0.588123	198830	116936
31.4159	3324.38	65.02	1.90829e-3	5.63459	0.520070	261961	136238
67.6836	3332.99	65.02	1.25833e-3	4.47910	0.491686	319431	157060
145.820	3341.72	65.00	8.39228e-4	3.76063	0.436491	410688	179262
314.159	3350.35	65.00	6.59791e-4	3.53243	0.461715	486076	224429
3.14159	3548.29	70.02	2.07410e-3	1.36267	0.945854	47730.7	45146.2
6.76836	3558.84	70.00	2.30851e-3	2.21630	0.796749	75086.9	59825.4
14.5820	3568.27	70.02	2.58139e-3	3.43480	0.732118	107362	78601.9
31.4159	3576.99	70.02	2.48853e-3	4.47739	0.668100	149604	99950.7
67.6836	3585.60	70.00	1.89887e-3	4.60219	0.581654	209503	121858
145.820	3594.32	70.01	1.28784e-3	3.90247	0.563929	263947	148848
314.159	3602.93	70.01	9.88643e-4	3.78653	0.557576	334517	186519
3.14159	3802.87	75.02	2.50048e-3	0.867942	0.787756	27266.8	21479.6
6.76836	3813.42	75.00	2.77254e-3	1.41502	0.856125	38769.7	33191.7
14.5820	3822.85	75.02	3.09117e-3	2.25702	0.842445	55840.7	47042.8
31.4159	3831.55	75.02	3.39013e-3	3.51824	0.819556	80266.3	65782.7
67.6836	3840.16	74.99	2.90832e-3	4.07840	0.772345	110984	85717.8
145.820	3848.89	75.01	2.11865e-3	4.20317	0.698653	162629	113622
314.159	3857.50	75.03	1.62989e-3	4.20039	0.622808	218753	136241
3.14159	4053.46	80.01	3.31687e-3	0.679527	0.576399	17749.6	10230.8
6.76836	4064.01	80.02	3.67564e-3	1.02354	0.729345	22498.2	16409.0
14.5820	4073.45	80.01	4.07438e-3	1.60792	0.851102	30053.0	25578.1
31.4159	4082.15	80.01	4.49984e-3	2.59260	0.874747	43365.5	37933.8
67.6836	4091.23	80.03	4.59815e-3	3.84244	0.869640	63056.2	54836.2
145.820	4099.94	80.02	3.69218e-3	4.39888	0.827639	91782.5	75962.8
314.159	4108.56	80.01	2.90846e-3	4.84136	0.786435	130843	102900
3.14159	4306.49	85.04	4.87796e-3	0.670685	0.320497	13093.3	4196.35
6.76836	4317.04	85.00	5.37027e-3	0.938862	0.510517	15570.9	7949.19
14.5820	4326.47	85.04	5.92867e-3	1.38448	0.700856	19123.3	13402.7
31.4159	4335.17	85.00	6.52977e-3	2.14993	0.831096	25321.5	21044.6
67.6836	4343.78	85.01	6.91596e-3	3.27493	0.977941	33855.2	33108.4
145.820	4352.51	84.99	6.15988e-3	4.33944	0.934970	51458.4	48112.1
314.159	4361.14	85.00	5.10654e-3	5.22700	0.933036	74841.2	69829.5
3.14159	4559.10	90.05	7.26526e-3	0.910706	0.230323	12215.3	2813.45
6.76836	4569.65	90.02	7.99648e-3	1.07329	0.313271	12808.2	4012.45
14.5820	4579.09	90.02	8.80291e-3	1.39833	0.466445	14395.8	6714.87
31.4159	4587.79	90.02	9.66679e-3	2.00652	0.631370	17551.3	11081.4
67.6836	4596.40	90.01	0.0103731	2.99586	0.738138	23236.6	17151.8
145.820	4605.13	89.99	0.0105177	4.33554	0.929918	30186.3	28070.8
314.159	4613.75	90.03	9.22239e-3	5.66928	1.01773	43084.4	43848.1
3.14159	4811.69	95.00	0.0116998	1.32974	0.108149	11299.6	1222.05
6.76836	4822.26	95.03	0.0128699	1.51459	0.170028	11602.0	1972.66
14.5820	4831.69	94.99	0.0141535	1.85405	0.278322	12619.9	3512.40
31.4159	4840.39	95.01	0.0155038	2.36697	0.417147	14090.3	5877.72
67.6836	4849.01	95.03	0.0166894	3.16429	0.579736	16402.8	9509.29
145.820	4857.73	95.00	0.0166407	4.34027	0.779392	20572.1	16033.7
314.159	4866.34	94.99	0.0152439	5.75042	0.961246	27195.9	26141.9
3.14159	5064.31	100.00	0.0180485	2.03224	0.0572146	11241.5	643.180
6.76836	5074.86	100.00	0.0198436	2.28501	0.0947900	11463.7	1086.64
14.5820	5084.29	100.00	0.0218043	2.60859	0.160401	11812.6	1894.76
31.4159	5093.01	99.99	0.0238518	3.07828	0.260915	12487.8	3258.26
67.6836	5101.63	100.03	0.0252962	3.78804	0.371158	14038.9	5210.66
145.820	5110.35	99.99	0.0242480	4.40084	0.577136	15719.2	9072.13
314.159	5118.96	100.01	0.0228298	5.61698	0.813868	19082.5	15530.7
3.14159	5316.88	105.02	0.0260033	3.00202	0.0471848	11531.9	544.131
6.76836	5327.43	105.02	0.0285992	3.26574	0.0481601	11405.8	549.303
14.5820	5336.88	104.99	0.0291464	3.39609	0.0863191	11608.7	1002.05
31.4159	5347.20	105.02	0.0289550	3.49260	0.146454	11934.9	1747.91
67.6836	5356.44	105.03	0.0283517	3.90574	0.243652	13384.5	3261.15
145.820	5365.17	105.00	0.0273469	4.00861	0.398303	13617.9	5424.06
314.159	5373.78	105.01	0.0261423	4.71355	0.597482	15478.1	9247.86
3.14159	5571.45	110.04	0.0292035	3.38943	0.0120965	11605.4	140.384
6.76836	5582.00	110.01	0.0291892	3.40300	0.0261611	11654.4	304.893
14.5820	5591.44	110.01	0.0291371	3.39814	0.0485574	11648.9	565.638
31.4159	5600.14	110.03	0.0289293	3.42803	0.0866359	11805.5	1022.78
67.6836	5608.75	110.01	0.0283219	3.47692	0.151991	12137.0	1844.72
145.820	5617.47	110.00	0.0273919	3.57457	0.256005	12642.0	3236.42
314.159	5626.09	110.04	0.0264149	3.90545	0.418816	13637.3	5711.52

