Filename	A0V100-2
Instrument name	4020-0324
Operator	AD
rundate	9/23/2026
Sample name	A0V100-2
Geometry name	Tension fixture (rectangle)
Procedure name	TMA IsoForce Temperature Ramp
	Flow Axial Test
	AutoTension AutoStrain Settings
	Standard Oscillatory Temperature Sweep
proceduresegments	TMA IsoForce Temperature Ramp#Flow Axial Test#Standard Oscillatory Temperature Sweep
[File Parameters]
Name	A0V100-2
Instrument type	RSAG2
Instrument serial number	4020-0324
Instrument name	4020-0324
Instrument location	Univ of Colorado
Company name	Univ of Colorado
Trios version	5.1.1.46572
File name	C:\ProgramData\TA Instruments\TRIOS\Data\Alex\A0V100-2.tri
Run date	9/23/2026 10:47:25 AM
Time at start of test	33.9815
[Geometry Parameters]
Geometry Type	Linear tension
Name	Tension fixture (rectangle)
Length	10.026 mm
Width	3.0 mm
Thickness	1.0 mm
Loading gap	10.026 mm
Notes	


[Geometry Extended Parameters]
Expansion coefficient	2.6 µm/°C
Move stage to maintain starting gap	Passive
Orientation Angle	0.0
Upper Compliance	0.0 µm/kg
Lower Compliance	0.0 µm/kg
Upper Geometry Mass	95.62 g
Stress constant (linear)	333333 Pa/N
Strain constant (linear)	99.7407 1/m
[Instrument Parameters]
GapZeroSetback	1000 [mm]
GapFast	0.0100000
GapSlow	1.00000e-5
Temperature limit	620.000 [°C]
[Firmware Versions]
Code Image Loader	V2018.5.29
Main Embedded Kernel	V2019.10.10
Power Board	V2017.1.11
Linear Encoder Board	V2017.1.11
Stepper / Rear Panel Board	V2017.1.11
Phase Fire Board	V2019.7.19
FCO PRT Board	V2011.9.7
[Calibration Date Information]
Phase angle correction calibration	8/7/2019 6:40 PM
Transducer static normal calibration	5/3/2024 1:39 PM
Filter lag correction calibration	3/2/2018 1:31 PM
Motor torque/motor force constant calibration	3/2/2018 12:07 PM
Actuator deflection scale constant calibration	3/2/2018 12:58 PM
Magnet temperature scaling factor calibration	3/6/2018 8:43 AM
Programmable gain amplifier calibration	3/2/2018 1:15 PM
[Calibration Parameters]
SPFrtScaleLow	370.8792
SPFrtScaleMid	3708.792
Transducer full scale	3708.792
SPNrmScale	1.549643
SPXducerMass	555.4000
SPXducerNormDamping	-0.93000
SPXducerNormSpringConst	1.500000
[Temperature Control Information]
TempOffsetTbl01	FCO/Upper Tool PRT offset 
TempOffsetTbl02	FCO/Lower Tool PRT offset 
TempOffsetTbl03	FCO/Middle PRT offset 
Temperature option	FCO/LN2
[step]
Temperature Ramp IsoForce - 1
Step time	Temperature	Strain	Stress	Modulus	Delta length	Gap	Force
s	°C	%	kPa	kPa	mm	mm	N
0.500167	20.64	-0.0938784	494.437	-526678	-9.41181e-3	10.0161	1.48331
1.50017	20.62	-0.0942303	1163.97	-1235240	-9.44710e-3	10.0161	3.49190
2.50017	20.58	-0.0933266	1288.29	-1380410	-9.35650e-3	10.0162	3.86488
3.50017	20.52	-0.0913766	1271.64	-1391650	-9.16100e-3	10.0164	3.81492
4.50017	20.43	-0.0899117	1229.75	-1367730	-9.01413e-3	10.0165	3.68924
5.50017	20.34	-0.0876667	1186.12	-1352980	-8.78906e-3	10.0168	3.55835
6.50017	20.22	-0.0852601	1141.79	-1339180	-8.54778e-3	10.0170	3.42536
7.50017	20.11	-0.0823302	1098.69	-1334490	-8.25405e-3	10.0173	3.29606
8.50017	20.03	-0.0800473	1059.15	-1323160	-8.02517e-3	10.0175	3.17746
9.50017	19.92	-0.0779545	1025.22	-1315150	-7.81536e-3	10.0177	3.07566
10.5002	19.82	-0.0753671	993.174	-1317780	-7.55596e-3	10.0180	2.97952
11.5002	19.75	-0.0731793	962.695	-1315530	-7.33662e-3	10.0182	2.88809
12.5002	19.66	-0.0710580	933.226	-1313330	-7.12395e-3	10.0184	2.79968
13.5002	19.59	-0.0692601	906.851	-1309340	-6.94370e-3	10.0186	2.72055
14.5002	19.53	-0.0675289	884.242	-1309430	-6.77013e-3	10.0188	2.65273
15.5002	19.46	-0.0660069	861.193	-1304700	-6.61755e-3	10.0189	2.58358
16.5002	19.38	-0.0644849	838.843	-1300840	-6.46496e-3	10.0191	2.51653
17.5002	19.30	-0.0624492	816.973	-1308220	-6.26087e-3	10.0193	2.45092
18.5002	19.19	-0.0600235	791.938	-1319380	-6.01768e-3	10.0195	2.37581
19.5002	19.09	-0.0572840	764.470	-1334530	-5.74303e-3	10.0198	2.29341
20.5002	19.03	-0.0553529	740.847	-1338410	-5.54943e-3	10.0200	2.22254
21.5002	18.97	-0.0539166	720.305	-1335960	-5.40543e-3	10.0201	2.16091
22.5002	18.91	-0.0522614	700.685	-1340730	-5.23949e-3	10.0203	2.10205
23.5002	18.83	-0.0506823	680.470	-1342620	-5.08118e-3	10.0205	2.04141
24.5002	18.76	-0.0489891	658.688	-1344560	-4.91142e-3	10.0206	1.97606
25.5002	18.68	-0.0470676	636.496	-1352300	-4.71878e-3	10.0208	1.90949
26.5002	18.63	-0.0453458	613.600	-1353160	-4.54617e-3	10.0210	1.84080
27.5002	18.54	-0.0437002	590.050	-1350220	-4.38118e-3	10.0212	1.77015
28.5002	18.45	-0.0415409	566.283	-1363190	-4.16470e-3	10.0214	1.69885
29.5002	18.38	-0.0393910	542.845	-1378090	-3.94917e-3	10.0216	1.62853
30.5002	18.32	-0.0378881	522.986	-1380350	-3.79848e-3	10.0217	1.56896
31.5002	18.25	-0.0362329	503.341	-1389180	-3.63255e-3	10.0219	1.51002
32.5002	18.14	-0.0339214	481.353	-1419020	-3.40080e-3	10.0221	1.44406
33.5002	18.07	-0.0318001	457.832	-1439720	-3.18813e-3	10.0224	1.37350
34.5002	17.99	-0.0346729	481.290	-1388090	-3.47614e-3	10.0221	1.44387
35.5002	17.93	-0.0335599	504.354	-1502850	-3.36456e-3	10.0222	1.51306
36.5002	17.83	-0.0343685	520.038	-1513130	-3.44563e-3	10.0221	1.56011
37.5002	17.74	-0.0336075	537.543	-1599470	-3.36933e-3	10.0222	1.61263
38.5002	17.70	-0.0317050	524.426	-1654080	-3.17860e-3	10.0224	1.57328
39.5002	17.63	-0.0315052	517.323	-1642020	-3.15857e-3	10.0224	1.55197
40.5002	17.52	-0.0321711	528.527	-1642860	-3.22533e-3	10.0223	1.58558
41.5002	17.40	-0.0291842	522.908	-1791750	-2.92587e-3	10.0226	1.56872
42.5002	17.33	-0.0278049	506.730	-1822450	-2.78759e-3	10.0228	1.52019
43.5002	17.27	-0.0280427	507.353	-1809220	-2.81143e-3	10.0227	1.52206
44.5002	17.19	-0.0301354	548.131	-1818890	-3.02124e-3	10.0225	1.64439
45.5002	17.11	-0.0280237	549.487	-1960800	-2.80952e-3	10.0227	1.64846
46.5002	17.00	-0.0263875	530.708	-2011210	-2.64549e-3	10.0229	1.59212
47.5002	16.91	-0.0238287	503.745	-2114030	-2.38895e-3	10.0232	1.51124
48.5002	16.80	-0.0220118	479.812	-2179790	-2.20680e-3	10.0233	1.43943
49.5002	16.71	-0.0197764	458.925	-2320570	-1.98269e-3	10.0236	1.37678
50.5002	16.64	-0.0266919	518.035	-1940790	-2.67601e-3	10.0229	1.55410
51.5002	16.58	-0.0284327	608.075	-2138650	-2.85053e-3	10.0227	1.82423
52.5002	16.51	-0.0273673	620.824	-2268490	-2.74372e-3	10.0228	1.86247
53.5002	16.47	-0.0259214	609.913	-2352930	-2.59876e-3	10.0229	1.82974
54.5002	16.42	-0.0249607	589.677	-2362430	-2.50244e-3	10.0230	1.76903
55.5002	16.35	-0.0240284	564.896	-2350950	-2.40898e-3	10.0231	1.69469
56.5002	16.29	-0.0219547	539.934	-2459300	-2.20108e-3	10.0233	1.61980
57.5002	16.21	-0.0201759	511.448	-2534950	-2.02274e-3	10.0235	1.53435
58.5002	16.09	-0.0179500	482.357	-2687220	-1.79958e-3	10.0237	1.44707
59.5002	15.99	-0.0173792	471.050	-2710420	-1.74236e-3	10.0238	1.41315
60.5002	15.89	-0.0196813	521.057	-2647480	-1.97315e-3	10.0236	1.56317
61.5002	15.80	-0.0173507	522.560	-3011750	-1.73950e-3	10.0238	1.56768
62.5002	15.67	-0.0147823	496.925	-3361610	-1.48201e-3	10.0241	1.49077
63.5002	15.56	-0.0114720	467.376	-4074060	-1.15013e-3	10.0244	1.40213
64.5002	15.51	-0.0194149	538.093	-2771550	-1.94645e-3	10.0236	1.61428
65.5002	15.45	-0.0179119	589.300	-3289980	-1.79577e-3	10.0237	1.76790
66.5002	15.37	-0.0163804	581.928	-3552580	-1.64223e-3	10.0239	1.74578
67.5002	15.32	-0.0145636	557.834	-3830340	-1.46008e-3	10.0241	1.67350
68.5002	15.26	-0.0135933	531.448	-3909630	-1.36280e-3	10.0242	1.59434
69.5002	15.16	-0.0111010	503.117	-4532170	-1.11294e-3	10.0244	1.50935
70.5002	15.08	-9.45537e-3	480.073	-5077250	-9.47952e-4	10.0246	1.44022
71.5002	14.99	-0.0136218	519.929	-3816880	-1.36566e-3	10.0242	1.55979
72.5002	14.92	-0.0109583	525.795	-4798130	-1.09863e-3	10.0244	1.57738
73.5002	14.81	-8.67535e-3	501.837	-5784630	-8.69751e-4	10.0247	1.50551
74.5002	14.71	-6.17358e-3	469.454	-7604240	-6.18935e-4	10.0249	1.40836
75.5002	14.63	-4.13791e-3	438.592	-1.05994e7	-4.14848e-4	10.0251	1.31578
76.5002	14.56	-0.0154768	529.784	-3423100	-1.55163e-3	10.0240	1.58935
77.5002	14.49	-0.0143923	634.507	-4408640	-1.44291e-3	10.0241	1.90352
78.5002	14.44	-0.0132984	638.420	-4800730	-1.33324e-3	10.0242	1.91526
79.5002	14.35	-0.0116718	615.416	-5272690	-1.17016e-3	10.0244	1.84625
80.5002	14.29	-9.88343e-3	585.901	-5928110	-9.90868e-4	10.0245	1.75770
81.5002	14.23	-8.96073e-3	561.213	-6263030	-8.98361e-4	10.0246	1.68364
82.5002	14.12	-6.77286e-3	529.577	-7819100	-6.79016e-4	10.0249	1.58873
83.5002	14.01	-4.42329e-3	493.607	-1.11593e7	-4.43459e-4	10.0251	1.48082
84.5002	13.93	-3.60522e-3	474.580	-1.31637e7	-3.61443e-4	10.0252	1.42374
85.5002	13.82	-5.95479e-3	504.622	-8474210	-5.97000e-4	10.0249	1.51387
86.5002	13.73	-5.08916e-3	523.607	-1.02887e7	-5.10216e-4	10.0250	1.57082
87.5002	13.62	-8.37095e-4	507.864	-6.06698e7	-8.39233e-5	10.0255	1.52359
88.5002	13.55	-1.05588e-3	484.809	-4.59151e7	-1.05858e-4	10.0254	1.45443
89.5002	13.50	-2.91081e-3	498.500	-1.71258e7	-2.91824e-4	10.0252	1.49550
90.5002	13.43	-4.74671e-3	533.696	-1.12435e7	-4.75883e-4	10.0251	1.60109
91.5002	13.38	-3.26277e-3	535.066	-1.63991e7	-3.27110e-4	10.0252	1.60520
92.5002	13.30	-1.83590e-3	513.411	-2.79651e7	-1.84059e-4	10.0254	1.54023
93.5002	13.22	-2.70154e-3	511.598	-1.89373e7	-2.70844e-4	10.0253	1.53479
94.5002	13.12	-3.36741e-3	538.699	-1.59975e7	-3.37601e-4	10.0252	1.61610
95.5002	12.98	-8.08558e-4	526.243	-6.50841e7	-8.10623e-5	10.0255	1.57873
96.5002	12.90	1.46492e-3	499.601	3.41044e7	1.46866e-4	10.0257	1.49880
97.5002	12.84	-2.92032e-3	536.393	-1.83676e7	-2.92778e-4	10.0252	1.60918
98.5002	12.76	-9.22708e-4	549.041	-5.95033e7	-9.25064e-5	10.0254	1.64712
99.5002	12.64	4.37573e-4	524.938	1.19966e8	4.38690e-5	10.0256	1.57481
100.500	12.53	3.64327e-3	491.192	1.34822e7	3.65257e-4	10.0259	1.47358
101.500	12.47	4.36621e-3	471.360	1.07956e7	4.37737e-4	10.0260	1.41408
102.500	12.37	-3.29131e-3	552.576	-1.67889e7	-3.29971e-4	10.0252	1.65773
103.500	12.30	-1.27467e-3	596.982	-4.68343e7	-1.27792e-4	10.0254	1.79095
104.500	12.21	3.80498e-5	591.561	1.55470e9	3.81470e-6	10.0255	1.77468
105.500	12.11	2.51129e-3	563.475	2.24377e7	2.51770e-4	10.0258	1.69043
106.500	12.06	4.16645e-3	526.341	1.26328e7	4.17709e-4	10.0260	1.57902
107.500	11.97	6.02138e-3	491.765	8166980	6.03676e-4	10.0261	1.47529
108.500	11.88	4.40426e-3	480.008	1.08987e7	4.41551e-4	10.0260	1.44002
109.500	11.79	4.17597e-3	512.871	1.22815e7	4.18663e-4	10.0260	1.53861
110.500	11.75	5.00355e-3	515.724	1.03072e7	5.01633e-4	10.0260	1.54717
111.500	11.71	5.86918e-3	500.361	8525230	5.88417e-4	10.0261	1.50108
112.500	11.63	4.10938e-3	509.276	1.23930e7	4.11987e-4	10.0260	1.52783
113.500	11.54	3.32936e-3	525.182	1.57743e7	3.33786e-4	10.0259	1.57554
114.500	11.46	4.35670e-3	534.847	1.22764e7	4.36783e-4	10.0260	1.60454
115.500	11.35	6.55408e-3	511.665	7806820	6.57082e-4	10.0262	1.53499
116.500	11.29	7.56240e-3	484.661	6408820	7.58171e-4	10.0263	1.45398
117.500	11.19	4.34719e-3	508.476	1.16967e7	4.35829e-4	10.0260	1.52543
118.500	11.11	2.09274e-3	584.392	2.79247e7	2.09808e-4	10.0257	1.75318
119.500	11.00	4.59451e-3	583.100	1.26912e7	4.60625e-4	10.0260	1.74930
120.500	10.93	7.02019e-3	548.997	7820260	7.03812e-4	10.0262	1.64699
121.500	10.86	8.08558e-3	511.602	6327330	8.10623e-4	10.0263	1.53481
122.500	10.77	0.0104542	475.445	4547900	1.04809e-3	10.0266	1.42634
123.500	10.68	0.0126135	437.179	3465960	1.26457e-3	10.0268	1.31154
124.500	10.57	0.0148870	399.064	2680630	1.49250e-3	10.0270	1.19719
125.500	10.46	0.0141260	403.308	2855080	1.41621e-3	10.0270	1.20992
126.500	10.40	-5.58381e-3	670.377	-1.20057e7	-5.59807e-4	10.0250	2.01113
127.500	10.27	-2.74910e-3	790.614	-2.87590e7	-2.75612e-4	10.0253	2.37184
128.500	10.21	7.60996e-5	785.639	1.03238e9	7.62939e-6	10.0255	2.35692
129.500	10.10	1.67419e-3	751.868	4.49093e7	1.67847e-4	10.0257	2.25560
130.500	10.00	4.14743e-3	708.705	1.70878e7	4.15802e-4	10.0260	2.12612
131.500	9.92	6.59213e-3	664.343	1.00778e7	6.60896e-4	10.0262	1.99303
132.500	9.86	7.59093e-3	622.653	8202590	7.61032e-4	10.0263	1.86796
133.500	9.78	9.57904e-3	586.438	6122100	9.60350e-4	10.0265	1.75931
134.500	9.72	0.0108347	553.101	5104920	1.08624e-3	10.0266	1.65930
135.500	9.65	0.0129560	519.610	4010590	1.29890e-3	10.0268	1.55883
136.500	9.60	0.0144875	485.714	3352650	1.45245e-3	10.0270	1.45714
137.500	9.54	0.0156099	454.173	2909520	1.56498e-3	10.0271	1.36252
138.500	9.45	0.0184922	418.501	2263120	1.85394e-3	10.0274	1.25550
139.500	9.38	0.0191961	382.272	1991400	1.92451e-3	10.0275	1.14682
140.500	9.26	0.0216313	344.028	1590420	2.16866e-3	10.0277	1.03208
141.500	9.16	0.0243233	302.142	1242190	2.43855e-3	10.0280	0.906427
142.500	9.09	0.0264922	263.055	992952	2.65598e-3	10.0282	0.789164
143.500	9.02	0.0280998	226.190	804952	2.81715e-3	10.0284	0.678569
144.500	8.95	0.0298406	193.873	649697	2.99168e-3	10.0285	0.581620
145.500	8.88	0.0311818	163.420	524088	3.12614e-3	10.0287	0.490260
146.500	8.81	0.0327989	133.282	406361	3.28827e-3	10.0288	0.399846
147.500	8.73	0.0248180	199.052	802048	2.48814e-3	10.0280	0.597156
148.500	8.64	-6.45895e-3	644.692	-9981370	-6.47545e-4	10.0249	1.93408
149.500	8.55	-1.93103e-3	853.075	-4.41773e7	-1.93596e-4	10.0253	2.55923
150.500	8.44	-1.42687e-4	871.959	-6.11100e8	-1.43051e-5	10.0255	2.61588
151.500	8.35	3.12960e-3	835.721	2.67038e7	3.13759e-4	10.0259	2.50716
152.500	8.21	5.04160e-3	784.494	1.55604e7	5.05447e-4	10.0260	2.35348
153.500	8.11	7.89533e-3	730.740	9255340	7.91550e-4	10.0263	2.19222
154.500	7.98	0.0107871	679.451	6298720	1.08147e-3	10.0266	2.03835
155.500	7.92	0.0130891	630.177	4814510	1.31226e-3	10.0269	1.89053
156.500	7.85	0.0144304	589.911	4087980	1.44672e-3	10.0270	1.76973
157.500	7.73	0.0168846	550.870	3262560	1.69277e-3	10.0272	1.65261
158.500	7.67	0.0191961	510.286	2658280	1.92451e-3	10.0275	1.53086
159.500	7.60	0.0203947	471.671	2312710	2.04468e-3	10.0276	1.41501
160.500	7.51	0.0227728	432.681	1899990	2.28310e-3	10.0278	1.29804
161.500	7.42	0.0248085	392.995	1584110	2.48718e-3	10.0280	1.17898
162.500	7.32	0.0199571	413.571	2072300	2.00081e-3	10.0275	1.24071
163.500	7.23	6.08797e-3	644.015	1.05785e7	6.10352e-4	10.0261	1.93204
164.500	7.19	8.36144e-3	737.306	8817930	8.38280e-4	10.0264	2.21192
165.500	7.09	9.83587e-3	735.109	7473750	9.86099e-4	10.0265	2.20533
166.500	7.06	0.0114910	703.386	6121170	1.15204e-3	10.0267	2.11016
167.500	7.02	0.0121284	668.123	5508760	1.21593e-3	10.0268	2.00437
168.500	6.97	0.0130416	633.568	4858060	1.30749e-3	10.0268	1.90070
169.500	6.86	0.0156004	595.084	3814540	1.56403e-3	10.0271	1.78525
170.500	6.79	0.0175029	549.771	3141030	1.75476e-3	10.0273	1.64931
171.500	6.70	0.0187300	509.357	2719470	1.87778e-3	10.0274	1.52807
172.500	6.63	0.0210986	468.854	2222200	2.11525e-3	10.0277	1.40656
173.500	6.53	0.0185398	471.511	2543240	1.85871e-3	10.0274	1.41453
174.500	6.47	0.0170273	517.739	3040640	1.70708e-3	10.0272	1.55322
175.500	6.40	0.0183971	525.562	2856770	1.84441e-3	10.0274	1.57669
176.500	6.29	0.0201949	498.097	2466450	2.02465e-3	10.0276	1.49429
177.500	6.15	0.0236860	452.198	1909140	2.37465e-3	10.0279	1.35659
178.500	6.04	0.0185968	484.242	2603900	1.86443e-3	10.0274	1.45273
179.500	5.92	0.0143257	622.361	4344350	1.43623e-3	10.0270	1.86708
180.500	5.84	0.0166373	641.020	3852920	1.66798e-3	10.0272	1.92306
181.500	5.74	0.0196147	608.685	3103210	1.96648e-3	10.0275	1.82605
182.500	5.65	0.0214030	562.874	2629880	2.14577e-3	10.0277	1.68862
183.500	5.57	0.0232294	520.723	2241650	2.32887e-3	10.0279	1.56217
184.500	5.51	0.0251129	480.392	1912930	2.51770e-3	10.0281	1.44118
185.500	5.44	0.0266729	443.504	1662750	2.67410e-3	10.0282	1.33051
186.500	5.37	0.0282900	407.095	1439010	2.83623e-3	10.0284	1.22129
187.500	5.30	0.0299547	368.142	1229000	3.00312e-3	10.0285	1.10443
188.500	5.20	0.0314957	329.113	1044940	3.15762e-3	10.0287	0.987339
189.500	5.11	0.0307537	330.325	1074100	3.08323e-3	10.0286	0.990974
190.500	5.03	4.76574e-3	655.438	1.37531e7	4.77791e-4	10.0260	1.96632
191.500	4.94	7.55288e-3	836.181	1.10710e7	7.57217e-4	10.0263	2.50854
192.500	4.87	9.92148e-3	846.556	8532560	9.94682e-4	10.0265	2.53967
193.500	4.82	0.0109298	814.092	7448370	1.09577e-3	10.0266	2.44228
194.500	4.74	0.0126325	771.367	6106190	1.26648e-3	10.0268	2.31410
195.500	4.63	0.0151153	725.689	4801030	1.51539e-3	10.0271	2.17707
196.500	4.52	0.0174078	676.194	3884430	1.74522e-3	10.0273	2.02858
197.500	4.48	0.0194625	629.146	3232610	1.95122e-3	10.0275	1.88744
198.500	4.43	0.0203471	589.127	2895380	2.03991e-3	10.0276	1.76738
199.500	4.34	0.0217550	553.976	2546430	2.18105e-3	10.0277	1.66193
200.500	4.27	0.0242758	513.151	2113840	2.43378e-3	10.0280	1.53945
201.500	4.19	0.0256931	472.392	1838590	2.57587e-3	10.0281	1.41718
202.500	4.07	0.0290415	431.288	1485070	2.91157e-3	10.0285	1.29386
203.500	3.96	0.0304969	386.384	1266960	3.05748e-3	10.0286	1.15915
204.500	3.86	0.0223162	446.326	2000010	2.23732e-3	10.0278	1.33898
205.500	3.75	0.0128989	661.902	5131470	1.29318e-3	10.0268	1.98571
206.500	3.64	0.0164756	716.031	4346020	1.65176e-3	10.0272	2.14809
207.500	3.55	0.0181498	699.819	3855800	1.81961e-3	10.0274	2.09946
208.500	3.48	0.0203186	662.868	3262370	2.03705e-3	10.0276	1.98860
209.500	3.42	0.0222306	621.748	2796810	2.22874e-3	10.0278	1.86524
210.500	3.36	0.0232865	579.910	2490330	2.33459e-3	10.0279	1.73973
211.500	3.26	0.0246658	538.657	2183820	2.47288e-3	10.0280	1.61597
212.500	3.18	0.0269488	496.729	1843230	2.70176e-3	10.0282	1.49019
213.500	3.08	0.0284042	455.977	1605320	2.84767e-3	10.0284	1.36793
214.500	2.99	0.0316479	419.581	1325780	3.17287e-3	10.0287	1.25874
215.500	2.94	0.0179024	533.138	2978020	1.79482e-3	10.0273	1.59941
216.500	2.83	0.0183400	663.897	3619940	1.83868e-3	10.0274	1.99169
217.500	2.75	0.0203376	676.122	3324490	2.03896e-3	10.0276	2.02837
218.500	2.71	0.0218596	645.724	2953960	2.19154e-3	10.0277	1.93717
219.500	2.66	0.0229250	608.544	2654500	2.29836e-3	10.0278	1.82563
220.500	2.55	0.0240380	570.543	2373510	2.40993e-3	10.0279	1.71163
221.500	2.48	0.0272912	526.054	1927560	2.73609e-3	10.0283	1.57816
222.500	2.42	0.0285183	483.785	1696400	2.85912e-3	10.0284	1.45135
223.500	2.35	0.0293744	454.747	1548100	2.94495e-3	10.0285	1.36424
224.500	2.28	0.0248370	494.252	1989980	2.49004e-3	10.0280	1.48276
225.500	2.16	0.0261973	528.553	2017590	2.62642e-3	10.0282	1.58566
226.500	2.04	0.0286610	508.793	1775210	2.87342e-3	10.0284	1.52638
227.500	1.90	0.0321045	466.371	1452660	3.21865e-3	10.0288	1.39911
228.500	1.80	0.0239523	521.322	2176500	2.40135e-3	10.0279	1.56397
229.500	1.73	0.0230201	631.182	2741870	2.30789e-3	10.0278	1.89355
230.500	1.65	0.0250177	637.021	2546280	2.50816e-3	10.0280	1.91106
231.500	1.60	0.0268156	606.528	2261850	2.68841e-3	10.0282	1.81958
232.500	1.49	0.0283090	569.527	2011820	2.83813e-3	10.0284	1.70858
233.500	1.43	0.0301450	532.251	1765640	3.02219e-3	10.0286	1.59675
234.500	1.36	0.0316479	492.019	1554670	3.17287e-3	10.0287	1.47606
235.500	1.32	0.0328465	453.983	1382130	3.29304e-3	10.0288	1.36195
236.500	1.25	0.0274244	476.737	1738370	2.74944e-3	10.0283	1.43021
237.500	1.17	0.0277764	527.251	1898200	2.78473e-3	10.0283	1.58175
238.500	1.09	0.0300118	513.099	1709660	3.00884e-3	10.0285	1.53930
239.500	0.98	0.0295932	499.966	1689460	2.96688e-3	10.0285	1.49990
240.500	0.88	0.0270629	535.970	1980460	2.71320e-3	10.0283	1.60791
241.500	0.79	0.0286895	542.638	1891410	2.87628e-3	10.0284	1.62791
242.500	0.71	0.0303637	515.375	1697340	3.04413e-3	10.0286	1.54613
243.500	0.64	0.0318096	488.477	1535630	3.18909e-3	10.0287	1.46543
244.500	0.56	0.0313435	481.710	1536870	3.14236e-3	10.0287	1.44513
245.500	0.42	0.0253221	558.922	2207250	2.53868e-3	10.0281	1.67677
246.500	0.32	0.0291176	579.251	1989350	2.91920e-3	10.0285	1.73775
247.500	0.23	0.0308869	548.401	1775510	3.09658e-3	10.0286	1.64520
248.500	0.17	0.0325040	509.904	1568740	3.25871e-3	10.0288	1.52971
249.500	0.10	0.0337692	480.901	1424080	3.38554e-3	10.0289	1.44270
250.500	0.03	0.0277383	523.492	1887260	2.78091e-3	10.0283	1.57048
251.500	-0.05	0.0301830	559.345	1853180	3.02601e-3	10.0286	1.67803
252.500	-0.13	0.0311723	539.099	1729420	3.12519e-3	10.0287	1.61730
253.500	-0.17	0.0327989	506.337	1543760	3.28827e-3	10.0288	1.51901
254.500	-0.21	0.0309250	492.633	1593000	3.10040e-3	10.0286	1.47790
255.500	-0.21	0.0270154	545.185	2018050	2.70843e-3	10.0282	1.63555
256.500	-0.22	0.0273293	558.022	2041850	2.73991e-3	10.0283	1.67407
257.500	-0.21	0.0272246	544.866	2001370	2.72942e-3	10.0283	1.63460
258.500	-0.18	0.0265873	530.348	1994740	2.66552e-3	10.0282	1.59104
259.500	-0.18	0.0262163	514.444	1962300	2.62833e-3	10.0282	1.54333
260.500	-0.15	0.0252936	501.431	1982440	2.53582e-3	10.0281	1.50429
261.500	-0.10	0.0208798	535.252	2563490	2.09332e-3	10.0276	1.60575

[step]
Temperature Sweep - 2
Angular frequency	Step time	Temperature	Oscillation strain	Oscillation stress	Tan(delta)	Storage modulus	Loss modulus
rad/s	s	°C	%	kPa		kPa	kPa
3.14159	4.00368	-0.01	4.35756e-4	5.41502	-2.08961	536430	-1120930
6.76836	14.5597	-0.02	3.71708e-4	8.31971	0.0155703	2237970	34845.8
14.5820	24.0187	-0.02	2.21268e-4	5.34343	0.0340850	2413520	82264.6
31.4159	33.7248	-0.02	1.23378e-4	2.83639	0.0420141	2296920	96503.1
67.6836	42.3517	0.00	7.02191e-5	1.81002	0.0320183	2576360	82490.5
145.820	51.0713	-0.01	5.96299e-5	1.47489	0.0755706	2466380	186386
314.159	59.6805	-0.03	5.89463e-5	1.47241	0.128693	2477460	318831
3.14159	257.622	5.01	6.73079e-4	12.5908	-0.111526	1859100	-207337
6.76836	269.115	5.02	5.44770e-4	12.6285	0.0415275	2316140	96183.6
14.5820	278.542	5.01	3.27080e-4	7.77645	0.0359730	2376000	85471.8
31.4159	287.244	5.02	1.76620e-4	4.19291	0.0779767	2366790	184554
67.6836	295.854	5.01	1.40482e-4	2.39258	-0.278980	1640470	-457660
145.820	304.572	5.01	8.20494e-5	1.95294	0.0656883	2375080	156015
314.159	313.195	5.01	8.16323e-5	1.95127	0.139483	2367400	330211
3.14159	511.148	10.02	9.02207e-4	19.1090	0.0141705	2117810	30010.4
6.76836	521.711	10.02	7.29337e-4	16.4211	0.0290145	2250560	65298.9
14.5820	531.159	10.02	4.52247e-4	10.2333	0.0353185	2261370	79868.1
31.4159	539.861	10.01	2.37492e-4	5.51371	0.0266043	2320820	61743.6
67.6836	548.472	10.01	1.37764e-4	3.22414	0.0582410	2336380	136073
145.820	557.204	10.02	1.04184e-4	2.45325	0.0734444	2348400	172477
314.159	565.813	10.01	1.02592e-4	2.44109	0.125429	2360910	296127
3.14159	763.755	15.01	1.14000e-3	23.2634	0.0163863	2040370	33434.1
6.76836	774.319	15.02	9.22407e-4	19.9022	0.0260475	2156900	56181.8
14.5820	783.768	15.02	5.75757e-4	12.6940	0.0377560	2203190	83183.6
31.4159	792.482	15.01	3.06183e-4	6.86724	0.0375958	2241270	84262.4
67.6836	801.103	15.02	1.77889e-4	3.99376	0.0288007	2244150	64633.1
145.820	809.825	15.01	1.29111e-4	2.94843	0.0603586	2279490	137587
314.159	818.434	15.02	1.27375e-4	2.92956	0.122750	2282820	280217
3.14159	1016.36	20.01	1.37587e-3	27.2009	0.0447119	1975020	88307.0
6.76836	1026.93	20.02	1.14436e-3	23.5406	0.0436666	2055140	89740.8
14.5820	1036.37	20.02	7.21837e-4	15.2090	0.0520704	2104140	109563
31.4159	1045.07	20.00	3.86810e-4	8.24451	0.0515004	2128590	109623
67.6836	1053.69	20.02	2.23231e-4	4.83426	0.0493763	2162950	106799
145.820	1062.41	20.01	1.61595e-4	3.55497	0.0789753	2193090	173200
314.159	1071.04	20.01	1.45349e-4	3.21570	0.122916	2195880	269910
3.14159	1268.98	25.02	1.47024e-3	27.8069	0.0845747	1884590	159389
6.76836	1279.54	25.02	1.22643e-3	23.5031	0.0526365	1913730	100732
14.5820	1288.98	25.02	7.79831e-4	15.4718	0.0523273	1981280	103675
31.4159	1297.69	25.00	4.13292e-4	8.48435	0.0423851	2051030	86933.1
67.6836	1306.31	25.03	2.48404e-4	5.03772	0.0966866	2018620	195174
145.820	1315.02	25.01	1.75934e-4	3.67656	0.0634165	2085550	132258
314.159	1323.64	24.99	1.55233e-4	3.31994	0.131765	2120350	279388
3.14159	1521.58	30.02	1.47905e-3	23.4663	0.0216920	1586200	34407.8
6.76836	1532.13	30.00	1.26175e-3	22.6965	0.0739905	1793900	132732
14.5820	1541.57	30.02	8.25863e-4	15.2588	0.0642184	1843830	118407
31.4159	1550.27	30.03	4.37710e-4	8.46649	0.0569238	1931140	109928
67.6836	1558.88	30.02	2.52519e-4	4.99688	0.0867873	1971400	171093
145.820	1567.60	30.01	1.84407e-4	3.64477	0.0824269	1969800	162364
314.159	1576.22	30.02	1.69082e-4	3.34416	0.149121	1956210	291712
3.14159	1774.18	35.03	1.51763e-3	20.6333	0.0725303	1356010	98351.7
6.76836	1784.73	35.01	1.30725e-3	20.9974	0.0827724	1600760	132498
14.5820	1794.17	35.00	8.78377e-4	14.7797	0.0756572	1677820	126939
31.4159	1802.88	35.02	4.76631e-4	8.31782	0.0662999	1741300	115448
67.6836	1811.49	35.01	2.73906e-4	4.94521	0.0974349	1796930	175084
145.820	1820.21	35.01	1.99009e-4	3.60187	0.0974399	1801370	175525
314.159	1828.83	35.03	1.72842e-4	3.28062	0.147666	1877680	277270
3.14159	2026.77	40.02	1.54289e-3	17.1727	0.0920701	1108340	102045
6.76836	2037.34	40.00	1.39764e-3	18.9517	0.114344	1347190	154043
14.5820	2046.77	40.03	9.87367e-4	14.2407	0.105203	1434370	150901
31.4159	2055.48	39.99	5.57181e-4	8.29635	0.116366	1479010	172106
67.6836	2064.09	40.03	3.04327e-4	4.91870	0.123625	1604040	198300
145.820	2072.81	40.00	2.20257e-4	3.62937	0.114421	1637100	187319
314.159	2081.42	40.02	1.94240e-4	3.30483	0.169691	1677430	284645
3.14159	2279.35	45.00	1.56810e-3	11.9585	0.112866	757802	85530.4
6.76836	2289.91	45.01	1.49012e-3	16.0835	0.166594	1064670	177367
14.5820	2299.34	45.02	1.12800e-3	13.2637	0.153914	1162170	178875
31.4159	2308.06	45.02	6.30030e-4	8.07289	0.128330	1270930	163098
67.6836	2316.67	45.00	3.67239e-4	4.89308	0.126999	1321780	167865
145.820	2325.39	45.01	2.56343e-4	3.59769	0.149705	1388000	207790
314.159	2334.00	45.00	2.20427e-4	3.27529	0.196346	1458050	286282
3.14159	2531.93	50.00	1.61516e-3	8.41679	0.208355	510156	106294
6.76836	2542.48	50.05	1.57717e-3	13.1403	0.233940	811251	189784
14.5820	2551.92	49.99	1.28441e-3	12.0301	0.205448	917467	188492
31.4159	2560.62	50.01	7.64642e-4	7.88150	0.183048	1013900	185592
67.6836	2569.23	50.03	4.36473e-4	4.78556	0.153296	1083760	166135
145.820	2577.95	49.99	3.00516e-4	3.59207	0.193355	1173560	226914
314.159	2586.57	50.00	2.54840e-4	3.25196	0.226334	1244600	281695
3.14159	2782.51	55.04	1.66366e-3	5.06409	0.322429	289708	93410.2
6.76836	2793.06	55.01	1.65445e-3	10.0112	0.309420	578066	178865
14.5820	2802.50	55.02	1.47028e-3	10.2498	0.275388	672109	185090
31.4159	2811.20	55.00	9.49931e-4	7.48524	0.245392	765272	187792
67.6836	2819.81	55.02	5.39532e-4	4.74942	0.236319	856689	202451
145.820	2828.54	55.00	3.68902e-4	3.55176	0.230548	938180	216295
314.159	2837.16	54.98	3.08445e-4	3.24965	0.279059	1014790	283186
3.14159	3035.10	60.01	1.69710e-3	3.32565	0.555943	171273	95217.8
6.76836	3045.66	60.03	1.72540e-3	6.93175	0.421658	370184	156091
14.5820	3055.11	60.00	1.64281e-3	7.96208	0.370862	454418	168526
31.4159	3063.81	59.98	1.18968e-3	6.80722	0.325291	544123	176998
67.6836	3072.42	60.00	6.98488e-4	4.57690	0.298013	627966	187142
145.820	3081.16	60.02	4.67836e-4	3.47965	0.300475	712315	214033
314.159	3089.77	59.99	3.82545e-4	3.21244	0.335385	796172	267024
3.14159	3287.69	65.02	1.76631e-3	2.60964	0.793288	115748	91821.4
6.76836	3298.24	65.04	1.96724e-3	4.78737	0.583285	210208	122612
14.5820	3307.68	65.00	1.96335e-3	6.12181	0.505903	278227	140756
31.4159	3316.38	65.01	1.62965e-3	6.26447	0.447278	350904	156951
67.6836	3325.00	65.01	1.01600e-3	4.71417	0.401338	430607	172819
145.820	3333.72	65.01	6.71796e-4	3.67250	0.377597	511425	193112
314.159	3342.35	65.01	5.37022e-4	3.43056	0.400883	592941	237700
3.14159	3542.27	69.99	1.92862e-3	1.69716	0.911005	65051.8	59262.6
6.76836	3552.83	70.05	2.14513e-3	2.88879	0.755381	107456	81170.0
14.5820	3562.28	69.98	2.39842e-3	4.37478	0.670996	151465	101632
31.4159	3570.98	70.01	2.22282e-3	5.34618	0.592040	206962	122530
67.6836	3579.59	70.01	1.55549e-3	4.78089	0.529951	271576	143922
145.820	3588.31	70.02	1.03416e-3	3.94833	0.495251	342133	169442
314.159	3596.93	70.01	8.05404e-4	3.76040	0.508464	416186	211616
3.14159	3794.89	75.01	2.31515e-3	1.05398	0.862256	34478.2	29729.0
6.76836	3805.44	75.01	2.56350e-3	1.75985	0.866422	51884.6	44954.0
14.5820	3814.89	75.03	2.87305e-3	2.84294	0.836196	75909.9	63475.6
31.4159	3823.59	75.00	3.11782e-3	4.34752	0.771321	110413	85163.7
67.6836	3832.20	74.99	2.51149e-3	4.77461	0.698669	155842	108882
145.820	3840.92	75.04	1.75245e-3	4.36496	0.643036	209502	134717
314.159	3849.53	75.01	1.33811e-3	4.31139	0.638069	271619	173311
3.14159	4045.48	80.02	3.07721e-3	0.749829	0.705900	19907.1	14052.4
6.76836	4056.04	80.02	3.39621e-3	1.22189	0.831595	27662.8	23004.2
14.5820	4065.47	80.04	3.77479e-3	1.94348	0.898849	38291.0	34417.9
31.4159	4074.17	80.03	4.16804e-3	3.12977	0.894003	55980.3	50046.5
67.6836	4082.78	80.01	4.00712e-3	4.33949	0.857384	82213.5	70488.6
145.820	4091.53	80.00	3.07185e-3	4.63830	0.811950	117220	95176.6
314.159	4100.14	80.03	2.36284e-3	4.91994	0.806922	162045	130758
3.14159	4298.08	85.07	4.35372e-3	0.728252	0.479641	15082.0	7233.94
6.76836	4308.63	85.00	4.79955e-3	1.01427	0.618717	17970.9	11118.9
14.5820	4318.07	85.04	5.29954e-3	1.51412	0.759912	22748.0	17286.5
31.4159	4326.77	85.02	5.84838e-3	2.39586	0.872421	30869.6	26931.3
67.6836	4335.38	85.01	6.13322e-3	3.69282	0.913805	44447.5	40616.3
145.820	4344.11	85.03	5.19342e-3	4.56560	0.910219	65012.5	59175.7
314.159	4353.74	84.99	4.19124e-3	5.33302	0.895337	94797.6	84875.8
3.14159	4549.68	90.02	6.37269e-3	0.848699	0.241097	12946.8	3121.42
6.76836	4560.25	90.04	7.01225e-3	1.05457	0.368947	14109.2	5205.56
14.5820	4569.68	90.01	7.72570e-3	1.43103	0.523145	16412.7	8586.21
31.4159	4578.39	90.02	8.49230e-3	2.06516	0.692513	19992.2	13844.8
67.6836	4587.01	90.04	9.08007e-3	3.09695	0.841180	26100.8	21955.5
145.820	4595.73	90.00	8.86857e-3	4.45213	0.946265	36463.8	34504.4
314.159	4604.36	89.99	7.61613e-3	5.72129	1.01016	52849.2	53386.1
3.14159	4802.28	95.03	0.0100354	1.24950	0.112704	12372.6	1394.44
6.76836	4812.83	95.00	0.0110436	1.43146	0.192061	12729.3	2444.81
14.5820	4822.27	95.00	0.0121459	1.74440	0.304730	13738.3	4186.48
31.4159	4830.98	95.01	0.0133074	2.27014	0.461692	15488.2	7150.76
67.6836	4839.59	95.03	0.0143040	3.13083	0.637389	18457.3	11764.5
145.820	4848.31	95.04	0.0143174	4.30523	0.818647	23267.6	19048.0
314.159	4856.92	95.01	0.0129703	5.72851	1.00091	31216.2	31244.7
3.14159	5054.86	100.00	0.0156363	1.86456	0.0341589	11917.6	407.093
6.76836	5065.43	99.98	0.0172089	2.12306	0.102507	12272.6	1258.03
14.5820	5074.86	99.99	0.0189080	2.43733	0.172638	12702.6	2192.95
31.4159	5083.56	100.01	0.0206803	2.93563	0.276506	13681.9	3783.12
67.6836	5092.17	100.02	0.0222522	3.63915	0.474355	14776.0	7009.08
145.820	5100.89	99.98	0.0212590	4.32945	0.613082	17362.0	10644.3
314.159	5109.50	100.04	0.0199092	5.54131	0.840473	21306.9	17907.8
3.14159	5307.42	105.06	0.0229071	2.75299	0.0221351	12015.2	265.957
6.76836	5317.98	105.01	0.0251916	3.08671	0.0547782	12234.6	670.188
14.5820	5327.41	104.99	0.0271627	3.39408	0.0907562	12444.2	1129.39
31.4159	5336.11	105.03	0.0269776	3.50870	0.162594	12837.4	2087.28
67.6836	5344.73	105.00	0.0263955	3.65199	0.256131	13403.0	3432.93
145.820	5353.47	105.06	0.0254050	4.05542	0.407894	14780.8	6029.00
314.159	5362.08	105.04	0.0242248	4.77194	0.623521	16715.4	10422.4
3.14159	5559.75	110.02	0.0272138	3.39095	0.0332239	12453.5	413.755
6.76836	5570.30	110.05	0.0272004	3.35921	0.0297554	12344.4	367.312
14.5820	5579.75	110.00	0.0271511	3.37877	0.0532391	12426.7	661.587
31.4159	5588.45	110.01	0.0269535	3.43113	0.0806201	12688.6	1022.96
67.6836	5597.07	110.03	0.0263669	3.53810	0.0640335	13391.3	857.492
145.820	5605.81	110.07	0.0254633	3.54428	0.262539	13462.9	3534.54
314.159	5614.42	110.03	0.0245224	3.89303	0.436340	14550.6	6348.99

