Filename	A0V100-4
Instrument name	4020-0324
Operator	AD
rundate	9/24/2026
Sample name	A0V100-4
Geometry name	Tension fixture (rectangle)
Procedure name	TMA IsoForce Temperature Ramp
	Flow Axial Test
	AutoTension AutoStrain Settings
	Standard Oscillatory Temperature Sweep
proceduresegments	TMA IsoForce Temperature Ramp#Flow Axial Test#Standard Oscillatory Temperature Sweep
[File Parameters]
Name	A0V100-4
Instrument type	RSAG2
Instrument serial number	4020-0324
Instrument name	4020-0324
Instrument location	Univ of Colorado
Company name	Univ of Colorado
Trios version	5.1.1.46572
File name	C:\ProgramData\TA Instruments\TRIOS\Data\Alex\A0V100-4.tri
Run date	9/24/2026 4:20:03 PM
Time at start of test	24.2240
[Geometry Parameters]
Geometry Type	Linear tension
Name	Tension fixture (rectangle)
Length	10.6 mm
Width	3.0 mm
Thickness	1.0 mm
Loading gap	10.6 mm
Notes	


[Geometry Extended Parameters]
Expansion coefficient	2.6 µm/°C
Move stage to maintain starting gap	Passive
Orientation Angle	0.0
Upper Compliance	0.0 µm/kg
Lower Compliance	0.0 µm/kg
Upper Geometry Mass	95.62 g
Stress constant (linear)	333333 Pa/N
Strain constant (linear)	94.3396 1/m
[Instrument Parameters]
GapZeroSetback	1000 [mm]
GapFast	0.0100000
GapSlow	1.00000e-5
Temperature limit	620.000 [°C]
[Firmware Versions]
InfoVerDsp	V2018.5.29
InfoVerWinCe	V2019.10.10
InfoVerPwr1	V2017.1.11
InfoVerLincodr2	V2017.1.11
InfoVerStepper3	V2017.1.11
InfoVerPhaseFire6	V2019.7.19
InfoVerFcoPrt8	V2011.9.7
[Calibration Date Information]
InfoDateDynPhase	8/7/2019 6:40 PM
InfoDateStaticNrm	5/3/2024 1:39 PM
InfoDateTorqLag	3/2/2018 1:31 PM
InfoDateMotorScale	3/2/2018 12:07 PM
InfoDateRsaDeflect	3/2/2018 12:58 PM
InfoDateRsaMagTemp	3/6/2018 8:43 AM
InfoDateADGain	3/2/2018 1:15 PM
[Calibration Parameters]
SPFrtScaleLow	370.8792
SPFrtScaleMid	3708.792
SPFrtScaleHi	3708.792
SPNrmScale	1.549643
SPXducerMass	555.4000
SPXducerNormDamping	-0.93000
SPXducerNormSpringConst	1.500000
[Temperature Control Information]
TempCorrInfoTbl01a	FCO/Upper Tool PRT offset 
TempCorrInfoTbl02a	FCO/Lower Tool PRT offset 
TempCorrInfoTbl03a	FCO/Middle PRT offset 
Temperature option	FCO/LN2
[step]
Temperature Ramp IsoForce - 1
Step time	Temperature	Strain	Stress	Modulus	Delta length	Gap	Force
s	°C	%	kPa	kPa	mm	mm	N
0.500167	20.07	-0.0293197	-99.1395	338132	-3.10516e-3	10.5876	-0.297419
1.50017	20.07	0.0804132	-1045.51	-1300170	8.51631e-3	10.5992	-3.13652
2.50017	20.05	0.110003	-1775.83	-1614350	0.0116501	10.6023	-5.32750
3.50017	19.99	0.110777	-1766.57	-1594700	0.0117321	10.6024	-5.29971
4.50017	19.93	0.112506	-1681.17	-1494290	0.0119152	10.6026	-5.04352
5.50017	19.85	0.114496	-1625.72	-1419890	0.0121260	10.6028	-4.87715
6.50017	19.78	0.118044	-1604.20	-1358980	0.0125017	10.6032	-4.81260
7.50017	19.67	0.122835	-1612.43	-1312680	0.0130091	10.6037	-4.83728
8.50017	19.57	0.127436	-1632.12	-1280740	0.0134964	10.6042	-4.89637
9.50017	19.46	0.130030	-1627.72	-1251800	0.0137711	10.6045	-4.88315
10.5002	19.37	0.132470	-1614.30	-1218610	0.0140295	10.6047	-4.84289
11.5002	19.28	0.135856	-1610.25	-1185260	0.0143881	10.6051	-4.83075
12.5002	19.19	0.137918	-1600.62	-1160560	0.0146065	10.6053	-4.80186
13.5002	19.11	0.143555	-1623.94	-1131230	0.0152035	10.6059	-4.87181
14.5002	19.04	0.147382	-1653.30	-1121780	0.0156088	10.6063	-4.95990
15.5002	18.96	0.150174	-1648.85	-1097970	0.0159044	10.6066	-4.94656
16.5002	18.89	0.151659	-1641.57	-1082410	0.0160618	10.6068	-4.92471
17.5002	18.82	0.153253	-1627.65	-1062060	0.0162306	10.6069	-4.88294
18.5002	18.76	0.155063	-1616.51	-1042480	0.0164223	10.6071	-4.84953
19.5002	18.69	0.159097	-1628.36	-1023500	0.0168495	10.6075	-4.88509
20.5002	18.62	0.161547	-1642.66	-1016840	0.0171089	10.6078	-4.92799
21.5002	18.54	0.164230	-1647.00	-1002860	0.0173931	10.6081	-4.94101
22.5002	18.47	0.166067	-1642.57	-989102	0.0175877	10.6083	-4.92772
23.5002	18.40	0.167706	-1634.39	-974557	0.0177612	10.6085	-4.90317
24.5002	18.32	0.169408	-1629.56	-961916	0.0179415	10.6086	-4.88868
25.5002	18.24	0.171974	-1631.67	-948788	0.0182133	10.6089	-4.89501
26.5002	18.16	0.175018	-1645.84	-940385	0.0185356	10.6092	-4.93753
27.5002	18.08	0.176999	-1647.11	-930577	0.0187454	10.6094	-4.94133
28.5002	18.00	0.178800	-1643.42	-919142	0.0189362	10.6096	-4.93027
29.5002	17.91	0.180898	-1641.95	-907669	0.0191584	10.6099	-4.92586
30.5002	17.82	0.183032	-1641.27	-896709	0.0193844	10.6101	-4.92380
31.5002	17.74	0.185085	-1642.45	-887401	0.0196018	10.6103	-4.92734
32.5002	17.65	0.186931	-1643.63	-879267	0.0197973	10.6105	-4.93088
33.5002	17.57	0.189156	-1644.75	-869525	0.0200329	10.6107	-4.93426
34.5002	17.48	0.190848	-1640.06	-859351	0.0202122	10.6109	-4.92018
35.5002	17.41	0.190416	-1614.09	-847663	0.0201664	10.6109	-4.84226
36.5002	17.32	0.192469	-1611.53	-837292	0.0203838	10.6111	-4.83459
37.5002	17.22	0.194153	-1615.61	-832134	0.0205622	10.6113	-4.84684
38.5002	17.13	0.196702	-1622.65	-824930	0.0208321	10.6115	-4.86795
39.5002	17.05	0.198584	-1629.42	-820519	0.0210314	10.6117	-4.88825
40.5002	16.97	0.200619	-1635.08	-815021	0.0212469	10.6119	-4.90525
41.5002	16.87	0.202798	-1641.29	-809323	0.0214777	10.6122	-4.92387
42.5002	16.78	0.205013	-1647.82	-803765	0.0217123	10.6124	-4.94347
43.5002	16.70	0.203626	-1630.55	-800758	0.0215654	10.6123	-4.89166
44.5002	16.61	0.205796	-1611.00	-782810	0.0217953	10.6125	-4.83299
45.5002	16.52	0.207886	-1616.99	-777829	0.0220165	10.6127	-4.85098
46.5002	16.42	0.209975	-1625.93	-774346	0.0222378	10.6129	-4.87779
47.5002	16.33	0.212001	-1636.18	-771779	0.0224524	10.6131	-4.90853
48.5002	16.25	0.214189	-1646.50	-768715	0.0226841	10.6134	-4.93951
49.5002	16.16	0.215116	-1642.98	-763764	0.0227823	10.6135	-4.92894
50.5002	16.08	0.214531	-1611.99	-751400	0.0227203	10.6134	-4.83596
51.5002	16.00	0.216152	-1612.32	-745921	0.0228920	10.6136	-4.83697
52.5002	15.91	0.218124	-1621.45	-743362	0.0231009	10.6138	-4.86435
53.5002	15.81	0.220636	-1633.99	-740582	0.0233669	10.6141	-4.90198
54.5002	15.72	0.222771	-1648.81	-740137	0.0235929	10.6143	-4.94642
55.5002	15.63	0.224653	-1661.38	-739533	0.0237923	10.6145	-4.98414
56.5002	15.56	0.226769	-1672.43	-737506	0.0240164	10.6147	-5.01730
57.5002	15.46	0.228993	-1683.23	-735059	0.0242519	10.6149	-5.04970
58.5002	15.38	0.230929	-1693.86	-733500	0.0244570	10.6152	-5.08159
59.5002	15.29	0.232883	-1703.56	-731511	0.0246639	10.6154	-5.11069
60.5002	15.21	0.234936	-1715.00	-729985	0.0248814	10.6156	-5.14499
61.5002	15.12	0.236683	-1723.38	-728137	0.0250664	10.6158	-5.17013
62.5002	15.01	0.230524	-1656.07	-718397	0.0244141	10.6151	-4.96822
63.5002	14.92	0.227201	-1543.66	-679425	0.0240622	10.6148	-4.63098
64.5002	14.83	0.229740	-1540.66	-670610	0.0243311	10.6150	-4.62199
65.5002	14.75	0.231757	-1558.78	-672593	0.0245447	10.6152	-4.67635
66.5002	14.68	0.233639	-1578.25	-675508	0.0247440	10.6154	-4.73476
67.5002	14.59	0.235395	-1595.61	-677841	0.0249300	10.6156	-4.78682
68.5002	14.49	0.237322	-1613.56	-679902	0.0251341	10.6158	-4.84068
69.5002	14.41	0.239474	-1630.35	-680801	0.0253620	10.6161	-4.89104
70.5002	14.32	0.241771	-1648.49	-681840	0.0256052	10.6163	-4.94547
71.5002	14.24	0.243680	-1665.38	-683430	0.0258074	10.6165	-4.99614
72.5002	14.16	0.245634	-1680.60	-684191	0.0260143	10.6167	-5.04181
73.5002	14.08	0.247669	-1695.23	-684474	0.0262299	10.6169	-5.08568
74.5002	13.99	0.249893	-1712.07	-685123	0.0264654	10.6172	-5.13622
75.5002	13.90	0.251613	-1727.39	-686528	0.0266476	10.6173	-5.18218
76.5002	13.81	0.253981	-1742.85	-686211	0.0268984	10.6176	-5.22854
77.5002	13.73	0.255647	-1756.82	-687206	0.0270748	10.6178	-5.27047
78.5002	13.64	0.257709	-1769.14	-686487	0.0272932	10.6180	-5.30742
79.5002	13.54	0.255080	-1736.31	-680692	0.0270147	10.6177	-5.20893
80.5002	13.45	0.241816	-1547.66	-640017	0.0256100	10.6163	-4.64298
81.5002	13.35	0.244175	-1501.59	-614963	0.0258598	10.6166	-4.50476
82.5002	13.27	0.246570	-1521.89	-617222	0.0261135	10.6168	-4.56566
83.5002	13.18	0.248587	-1548.95	-623101	0.0263271	10.6170	-4.64685
84.5002	13.08	0.250667	-1574.07	-627950	0.0265474	10.6172	-4.72220
85.5002	13.00	0.252369	-1598.41	-633360	0.0267277	10.6174	-4.79522
86.5002	12.90	0.254945	-1622.43	-636384	0.0270004	10.6177	-4.86728
87.5002	12.81	0.256962	-1645.67	-640433	0.0272140	10.6179	-4.93700
88.5002	12.73	0.258817	-1666.38	-643845	0.0274105	10.6181	-4.99914
89.5002	12.66	0.260852	-1686.26	-646442	0.0276260	10.6183	-5.05877
90.5002	12.56	0.262779	-1706.09	-649250	0.0278301	10.6185	-5.11828
91.5002	12.48	0.264868	-1726.55	-651853	0.0280514	10.6187	-5.17966
92.5002	12.40	0.266660	-1743.89	-653976	0.0282412	10.6189	-5.23168
93.5002	12.32	0.268578	-1762.11	-656090	0.0284443	10.6191	-5.28634
94.5002	12.27	0.270136	-1777.95	-658169	0.0286093	10.6193	-5.33385
95.5002	12.18	0.271901	-1793.23	-659516	0.0287962	10.6195	-5.37969
96.5002	12.08	0.274197	-1810.55	-660309	0.0290394	10.6197	-5.43164
97.5002	12.00	0.275755	-1826.21	-662258	0.0292044	10.6199	-5.47863
98.5002	11.92	0.273990	-1798.67	-656473	0.0290174	10.6197	-5.39601
99.5002	11.83	0.251613	-1547.62	-615079	0.0266476	10.6173	-4.64285
100.500	11.72	0.254423	-1442.96	-567153	0.0269451	10.6176	-4.32889
101.500	11.61	0.258313	-1460.75	-565499	0.0273571	10.6181	-4.38226
102.500	11.54	0.259357	-1495.32	-576548	0.0274677	10.6182	-4.48595
103.500	11.43	0.259879	-1523.50	-586235	0.0275230	10.6182	-4.57051
104.500	11.34	0.263103	-1551.05	-589523	0.0278645	10.6186	-4.65316
105.500	11.23	0.265435	-1580.90	-595588	0.0281115	10.6188	-4.74270
106.500	11.16	0.267714	-1609.94	-601367	0.0283527	10.6190	-4.82982
107.500	11.10	0.268902	-1634.35	-607784	0.0284786	10.6192	-4.90304
108.500	10.99	0.271226	-1657.56	-611136	0.0287247	10.6194	-4.97267
109.500	10.92	0.273468	-1681.37	-614832	0.0289621	10.6197	-5.04410
110.500	10.86	0.270370	-1676.37	-620027	0.0286341	10.6193	-5.02910
111.500	10.77	0.270397	-1641.33	-607008	0.0286369	10.6193	-4.92400
112.500	10.69	0.271667	-1644.31	-605266	0.0287714	10.6195	-4.93292
113.500	10.59	0.274125	-1667.13	-608162	0.0290318	10.6197	-5.00138
114.500	10.52	0.272756	-1659.59	-608452	0.0288868	10.6196	-4.97877
115.500	10.45	0.270280	-1616.93	-598243	0.0286245	10.6193	-4.85080
116.500	10.36	0.272495	-1621.12	-594918	0.0288591	10.6196	-4.86337
117.500	10.28	0.273981	-1641.97	-599302	0.0290165	10.6197	-4.92592
118.500	10.18	0.276151	-1668.19	-604087	0.0292463	10.6199	-5.00458
119.500	10.11	0.274062	-1656.15	-604298	0.0290251	10.6197	-4.96846
120.500	10.03	0.271181	-1592.70	-587320	0.0287199	10.6194	-4.77810
121.500	9.93	0.273513	-1596.75	-583795	0.0289669	10.6197	-4.79026
122.500	9.82	0.275656	-1622.34	-588539	0.0291939	10.6199	-4.86702
123.500	9.74	0.277979	-1655.21	-595445	0.0294399	10.6201	-4.96564
124.500	9.65	0.277079	-1666.55	-601472	0.0293446	10.6200	-4.99966
125.500	9.56	0.274981	-1620.30	-589241	0.0291224	10.6198	-4.86090
126.500	9.46	0.277079	-1623.29	-585860	0.0293446	10.6200	-4.86988
127.500	9.37	0.279429	-1646.43	-589211	0.0295935	10.6203	-4.93928
128.500	9.29	0.278483	-1641.07	-589289	0.0294933	10.6202	-4.92321
129.500	9.20	0.278141	-1632.53	-586942	0.0294571	10.6202	-4.89759
130.500	9.09	0.279033	-1638.32	-587141	0.0295515	10.6202	-4.91495
131.500	9.02	0.279204	-1632.55	-584718	0.0295696	10.6203	-4.89766
132.500	8.95	0.279825	-1627.02	-581443	0.0296354	10.6203	-4.88107
133.500	8.87	0.281446	-1645.16	-584537	0.0298071	10.6205	-4.93547
134.500	8.79	0.283247	-1672.50	-590472	0.0299978	10.6207	-5.01749
135.500	8.73	0.284706	-1698.21	-596478	0.0301523	10.6208	-5.09462
136.500	8.65	0.286489	-1717.19	-599392	0.0303411	10.6210	-5.15157
137.500	8.54	0.276088	-1638.43	-593445	0.0292397	10.6199	-4.91530
138.500	8.46	0.275224	-1535.22	-557809	0.0291481	10.6198	-4.60567
139.500	8.38	0.277637	-1544.57	-556326	0.0294037	10.6201	-4.63370
140.500	8.29	0.279600	-1575.05	-563323	0.0296116	10.6203	-4.72515
141.500	8.22	0.281239	-1603.64	-570207	0.0297852	10.6205	-4.81093
142.500	8.15	0.281932	-1624.96	-576366	0.0298586	10.6206	-4.87489
143.500	8.07	0.283814	-1651.77	-581991	0.0300579	10.6208	-4.95532
144.500	7.98	0.283904	-1665.17	-586525	0.0300674	10.6208	-4.99551
145.500	7.89	0.282887	-1652.49	-584154	0.0299597	10.6207	-4.95748
146.500	7.80	0.283517	-1641.81	-579088	0.0300264	10.6207	-4.92544
147.500	7.72	0.283715	-1641.10	-578431	0.0300474	10.6207	-4.92329
148.500	7.61	0.283868	-1637.26	-576769	0.0300636	10.6208	-4.91179
149.500	7.52	0.286408	-1662.83	-580582	0.0303326	10.6210	-4.98849
150.500	7.42	0.286543	-1674.97	-584545	0.0303469	10.6210	-5.02491
151.500	7.35	0.281752	-1622.21	-575758	0.0298395	10.6205	-4.86663
152.500	7.27	0.283535	-1610.93	-568159	0.0300283	10.6207	-4.83280
153.500	7.18	0.285606	-1635.03	-572477	0.0302477	10.6209	-4.90509
154.500	7.08	0.286471	-1654.68	-577609	0.0303392	10.6210	-4.96404
155.500	6.97	0.284967	-1645.58	-577464	0.0301800	10.6209	-4.93675
156.500	6.91	0.284156	-1613.16	-567701	0.0300941	10.6208	-4.83948
157.500	6.84	0.286038	-1629.02	-569511	0.0302935	10.6210	-4.88706
158.500	6.76	0.286417	-1645.03	-574349	0.0303335	10.6210	-4.93509
159.500	6.68	0.285687	-1642.65	-574983	0.0302563	10.6210	-4.92796
160.500	6.61	0.284553	-1621.32	-569780	0.0301361	10.6208	-4.86397
161.500	6.51	0.286867	-1640.54	-571881	0.0303812	10.6211	-4.92162
162.500	6.41	0.287272	-1653.65	-575639	0.0304241	10.6211	-4.96095
163.500	6.32	0.283265	-1618.99	-571546	0.0299997	10.6207	-4.85697
164.500	6.23	0.285705	-1616.19	-565684	0.0302582	10.6210	-4.84857
165.500	6.15	0.288542	-1644.97	-570096	0.0305586	10.6213	-4.93490
166.500	6.07	0.288587	-1664.78	-576873	0.0305634	10.6213	-4.99434
167.500	5.98	0.283319	-1616.17	-570440	0.0300055	10.6207	-4.84850
168.500	5.93	0.284958	-1601.51	-562015	0.0301790	10.6209	-4.80452
169.500	5.85	0.286723	-1627.50	-567623	0.0303659	10.6211	-4.88251
170.500	5.77	0.287380	-1649.07	-573828	0.0304356	10.6211	-4.94721
171.500	5.67	0.287794	-1652.93	-574344	0.0304794	10.6212	-4.95879
172.500	5.59	0.285192	-1627.34	-570614	0.0302038	10.6209	-4.88203
173.500	5.51	0.286525	-1625.39	-567278	0.0303450	10.6210	-4.87618
174.500	5.41	0.288857	-1650.71	-571463	0.0305920	10.6213	-4.95213
175.500	5.33	0.287443	-1648.12	-573374	0.0304422	10.6211	-4.94437
176.500	5.22	0.285678	-1607.49	-562693	0.0302553	10.6210	-4.82247
177.500	5.18	0.287749	-1623.22	-564108	0.0304747	10.6212	-4.86965
178.500	5.10	0.289046	-1650.19	-570910	0.0306120	10.6213	-4.95058
179.500	5.02	0.290208	-1674.65	-577051	0.0307350	10.6214	-5.02394
180.500	4.93	0.287749	-1661.94	-577565	0.0304747	10.6212	-4.98582
181.500	4.84	0.284193	-1590.35	-559602	0.0300980	10.6208	-4.77104
182.500	4.75	0.286534	-1598.37	-557831	0.0303459	10.6210	-4.79512
183.500	4.67	0.287930	-1624.66	-564255	0.0304937	10.6212	-4.87397
184.500	4.60	0.290280	-1656.37	-570611	0.0307426	10.6214	-4.96911
185.500	4.54	0.290262	-1675.42	-577211	0.0307407	10.6214	-5.02627
186.500	4.43	0.282995	-1608.53	-568395	0.0299711	10.6207	-4.82558
187.500	4.32	0.285759	-1589.52	-556246	0.0302639	10.6210	-4.76857
188.500	4.25	0.287407	-1617.72	-562867	0.0304384	10.6211	-4.85316
189.500	4.16	0.289226	-1648.34	-569913	0.0306311	10.6213	-4.94501
190.500	4.07	0.291108	-1680.81	-577383	0.0308304	10.6215	-5.04243
191.500	3.99	0.292486	-1707.38	-583748	0.0309763	10.6217	-5.12215
192.500	3.90	0.294008	-1723.93	-586355	0.0311375	10.6218	-5.17179
193.500	3.83	0.282419	-1620.22	-573696	0.0299101	10.6206	-4.86067
194.500	3.74	0.284418	-1558.33	-547903	0.0301218	10.6208	-4.67500
195.500	3.67	0.286120	-1577.56	-551363	0.0303020	10.6210	-4.73267
196.500	3.57	0.287686	-1610.33	-559752	0.0304680	10.6212	-4.83099
197.500	3.50	0.289875	-1646.49	-568000	0.0306997	10.6214	-4.93947
198.500	3.42	0.290028	-1665.36	-574206	0.0307159	10.6214	-4.99607
199.500	3.30	0.285633	-1618.75	-566723	0.0302505	10.6209	-4.85625
200.500	3.21	0.288083	-1616.37	-561079	0.0305099	10.6212	-4.84911
201.500	3.16	0.289730	-1645.70	-568010	0.0306845	10.6214	-4.93709
202.500	3.10	0.288767	-1652.73	-572339	0.0305824	10.6213	-4.95818
203.500	2.99	0.286165	-1617.67	-565295	0.0303068	10.6210	-4.85302
204.500	2.90	0.288038	-1626.85	-564804	0.0305052	10.6212	-4.88055
205.500	2.84	0.289325	-1652.78	-571252	0.0306416	10.6213	-4.95833
206.500	2.74	0.287641	-1645.65	-572118	0.0304632	10.6212	-4.93695
207.500	2.65	0.285939	-1608.45	-562513	0.0302830	10.6210	-4.82534
208.500	2.57	0.287416	-1621.36	-564116	0.0304394	10.6211	-4.86409
209.500	2.52	0.288038	-1641.91	-570033	0.0305052	10.6212	-4.92573
210.500	2.45	0.288974	-1661.70	-575034	0.0306044	10.6213	-4.98509
211.500	2.33	0.286705	-1649.27	-575250	0.0303640	10.6211	-4.94781
212.500	2.20	0.284310	-1595.42	-561156	0.0301104	10.6208	-4.78626
213.500	2.12	0.287434	-1611.55	-560667	0.0304413	10.6211	-4.83465
214.500	2.03	0.289289	-1643.90	-568254	0.0306377	10.6213	-4.93169
215.500	1.94	0.291657	-1676.79	-574916	0.0308886	10.6216	-5.03035
216.500	1.86	0.283535	-1621.83	-572004	0.0300283	10.6207	-4.86550
217.500	1.78	0.284931	-1573.87	-552370	0.0301762	10.6209	-4.72162
218.500	1.73	0.286570	-1592.46	-555699	0.0303497	10.6210	-4.77739
219.500	1.67	0.287713	-1619.85	-563010	0.0304708	10.6212	-4.85956
220.500	1.57	0.289487	-1650.03	-569982	0.0306587	10.6214	-4.95008
221.500	1.51	0.286489	-1636.48	-571220	0.0303411	10.6210	-4.90945
222.500	1.42	0.288011	-1631.68	-566536	0.0305023	10.6212	-4.89505
223.500	1.36	0.289848	-1661.97	-573394	0.0306969	10.6214	-4.98590
224.500	1.29	0.291252	-1695.03	-581980	0.0308456	10.6215	-5.08509
225.500	1.20	0.293035	-1727.27	-589443	0.0310345	10.6217	-5.18182
226.500	1.10	0.295106	-1752.96	-594011	0.0312538	10.6219	-5.25889
227.500	0.99	0.277943	-1599.33	-575416	0.0294361	10.6201	-4.79799
228.500	0.85	0.280915	-1495.67	-532429	0.0297508	10.6204	-4.48702
229.500	0.75	0.283346	-1516.07	-535060	0.0300083	10.6207	-4.54822
230.500	0.64	0.286084	-1559.74	-545206	0.0302982	10.6210	-4.67923
231.500	0.56	0.287695	-1595.57	-554602	0.0304689	10.6212	-4.78670
232.500	0.47	0.289631	-1631.11	-563166	0.0306740	10.6214	-4.89332
233.500	0.40	0.291279	-1666.10	-571995	0.0308485	10.6215	-4.99831
234.500	0.34	0.289235	-1676.55	-579649	0.0306320	10.6213	-5.02965
235.500	0.27	0.288470	-1647.61	-571156	0.0305510	10.6212	-4.94284
236.500	0.21	0.288596	-1645.63	-570218	0.0305643	10.6213	-4.93688
237.500	0.12	0.287641	-1639.96	-570141	0.0304632	10.6212	-4.91989
238.500	0.01	0.288596	-1643.50	-569483	0.0305643	10.6213	-4.93051
239.500	-0.06	0.289388	-1654.09	-571582	0.0306482	10.6213	-4.96228
240.500	-0.15	0.289316	-1657.62	-572945	0.0306406	10.6213	-4.97287
241.500	-0.22	0.288290	-1648.80	-571926	0.0305319	10.6212	-4.94641
242.500	-0.26	0.288416	-1644.40	-570150	0.0305452	10.6212	-4.93321
243.500	-0.26	0.285885	-1625.67	-568643	0.0302773	10.6210	-4.87700
244.500	-0.24	0.285417	-1622.31	-568399	0.0302277	10.6209	-4.86692
245.500	-0.20	0.284553	-1630.77	-573100	0.0301361	10.6208	-4.89231
246.500	-0.17	0.283535	-1640.37	-578540	0.0300283	10.6207	-4.92109
247.500	-0.13	0.282283	-1647.81	-583742	0.0298958	10.6206	-4.94342
248.500	-0.10	0.278555	-1624.51	-583190	0.0295010	10.6202	-4.87352
249.500	-0.06	0.277547	-1613.96	-581508	0.0293942	10.6201	-4.84187

[step]
Temperature Sweep - 2
Angular frequency	Step time	Temperature	Oscillation strain	Oscillation stress	Tan(delta)	Storage modulus	Loss modulus
rad/s	s	°C	%	kPa		kPa	kPa
3.14159	4.00367	0.00	4.68542e-4	8.13610	-0.0982197	1728160	-169739
6.76836	14.5593	-0.01	3.99193e-4	8.17248	0.0561385	2044030	114749
14.5820	24.0083	-0.02	2.53186e-4	5.31353	0.0437056	2096660	91635.9
31.4159	32.7093	-0.01	1.37336e-4	2.92847	0.0354535	2131000	75551.5
67.6836	41.3198	0.00	8.75484e-5	1.89129	0.0328991	2159110	71032.7
145.820	50.0487	0.01	7.32031e-5	1.51806	0.0514853	2071020	106627
314.159	58.6095	0.01	7.06850e-5	1.53133	0.139791	2145550	299929
3.14159	256.527	5.01	6.90966e-4	12.1372	8.67925e-3	1756490	15245.0
6.76836	267.081	5.01	5.90089e-4	11.5840	0.0497823	1960670	97606.6
14.5820	276.517	5.01	3.84957e-4	7.64565	0.0400487	1984510	79477.1
31.4159	285.229	5.01	2.04175e-4	4.23729	0.0304044	2074370	63069.9
67.6836	293.847	5.01	1.14666e-4	2.54821	0.313986	2120240	665725
145.820	302.564	5.01	9.74905e-5	2.03893	0.0649107	2087030	135470
314.159	311.136	5.00	9.51657e-5	2.02488	0.143626	2106120	302493
3.14159	509.020	10.02	9.13724e-4	16.1756	7.78762e-3	1770240	13786.0
6.76836	519.574	10.02	7.92683e-4	14.7574	0.0416435	1860090	77460.5
14.5820	529.010	10.02	5.25082e-4	10.0625	0.0400305	1914830	76651.7
31.4159	537.710	10.01	2.72004e-4	5.67017	0.0454826	2082440	94714.8
67.6836	546.322	10.01	1.53944e-4	3.28524	0.119912	2118870	254078
145.820	555.043	10.01	1.24094e-4	2.48349	0.0673943	1996770	134571
314.159	563.615	10.01	1.22026e-4	2.46582	0.134469	2002710	269302
3.14159	761.523	15.02	1.14612e-3	18.9913	0.0288533	1656310	47790.1
6.76836	772.077	15.02	9.88476e-4	17.7626	0.0526324	1794480	94448.0
14.5820	781.524	15.01	6.64850e-4	12.2188	0.0556505	1834990	102118
31.4159	790.235	15.01	3.60611e-4	6.82885	0.0336544	1892620	63694.9
67.6836	798.847	15.01	2.20452e-4	4.09584	0.0603417	1854550	111907
145.820	807.568	15.00	1.53221e-4	2.96413	0.0834658	1927840	160909
314.159	816.130	15.01	1.50560e-4	2.99203	0.138994	1968340	273587
3.14159	1014.03	20.02	1.39227e-3	21.8420	0.0484739	1566970	75957.0
6.76836	1024.58	20.01	1.21421e-3	20.5602	0.0510463	1691100	86324.4
14.5820	1034.01	20.01	8.28267e-4	14.5394	0.0587798	1752380	103005
31.4159	1042.72	20.02	4.52285e-4	8.28071	0.0694330	1826460	126817
67.6836	1051.32	20.02	2.66743e-4	4.87388	0.0637791	1823480	116300
145.820	1060.07	20.01	1.95677e-4	3.59235	0.0922217	1828100	168590
314.159	1068.64	20.00	1.70648e-4	3.26285	0.138759	1893880	262794
3.14159	1266.57	25.01	1.43686e-3	19.7426	0.0592848	1371610	81315.5
6.76836	1277.12	25.02	1.27205e-3	20.1655	0.0676164	1581660	106946
14.5820	1286.56	25.02	8.85169e-4	14.5028	0.0675949	1634690	110497
31.4159	1295.27	25.01	4.92771e-4	8.30699	0.0636305	1682370	107050
67.6836	1303.88	25.02	2.88381e-4	4.93070	0.0648844	1706200	110706
145.820	1312.60	25.02	2.07505e-4	3.67049	0.0951868	1760910	167615
314.159	1321.18	25.00	1.84896e-4	3.31252	0.146673	1772600	259993
3.14159	1519.06	30.01	1.45215e-3	18.8558	0.0513600	1296760	66601.7
6.76836	1529.62	30.01	1.30811e-3	18.9109	0.0804851	1441010	115980
14.5820	1539.06	30.03	9.36422e-4	14.1222	0.0799356	1503310	120168
31.4159	1547.77	30.00	5.28049e-4	8.24110	0.0719732	1556640	112037
67.6836	1556.37	30.02	3.10644e-4	4.96442	0.0835548	1592560	133066
145.820	1565.09	30.03	2.18461e-4	3.64524	0.0998346	1660340	165760
314.159	1573.66	30.02	1.93785e-4	3.30349	0.165812	1681760	278856
3.14159	1771.53	35.02	1.47383e-3	16.0819	0.0897197	1086800	97507.6
6.76836	1782.10	35.00	1.36260e-3	17.5187	0.102518	1278980	131118
14.5820	1791.53	35.01	1.01098e-3	13.6353	0.0970790	1342410	130320
31.4159	1800.23	35.01	5.78398e-4	8.16059	0.0956345	1404490	134317
67.6836	1808.86	35.01	3.28957e-4	4.86153	0.110229	1468960	161922
145.820	1817.59	35.02	2.39993e-4	3.61904	0.113654	1498330	170292
314.159	1826.15	35.00	2.11669e-4	3.31304	0.172221	1542490	265650
3.14159	2024.04	40.03	1.50405e-3	12.1661	0.101125	804784	81384.1
6.76836	2034.60	40.01	1.42528e-3	14.9342	0.137927	1037980	143166
14.5820	2044.04	40.01	1.11319e-3	12.5707	0.130429	1119760	146050
31.4159	2052.74	40.03	6.60871e-4	7.94767	0.130680	1192470	155832
67.6836	2061.36	40.01	3.83673e-4	4.83188	0.122211	1250080	152773
145.820	2070.09	40.00	2.75108e-4	3.57989	0.134606	1289640	173593
314.159	2078.65	40.01	2.36000e-4	3.25275	0.185264	1355220	251075
3.14159	2274.56	45.01	1.55176e-3	8.05781	0.180129	511043	92053.8
6.76836	2285.11	45.01	1.51324e-3	12.1486	0.199632	787286	157168
14.5820	2294.55	45.02	1.26853e-3	11.3219	0.180930	878267	158905
31.4159	2303.25	45.03	8.00514e-4	7.64325	0.170739	941173	160695
67.6836	2311.86	45.00	4.61682e-4	4.76150	0.161611	1018130	164541
145.820	2320.58	45.01	3.22951e-4	3.56155	0.180497	1085280	195889
314.159	2329.15	45.02	2.77826e-4	3.25542	0.221512	1144020	253414
3.14159	2527.05	50.00	1.59381e-3	4.32074	0.347490	256074	88983.3
6.76836	2537.60	50.03	1.59264e-3	9.00193	0.284236	543686	154535
14.5820	2547.04	50.01	1.43511e-3	9.31724	0.244816	630612	154384
31.4159	2555.74	50.02	9.81724e-4	7.10221	0.225146	705776	158902
67.6836	2564.35	50.01	5.77167e-4	4.56962	0.209796	774863	162563
145.820	2573.07	50.01	4.04426e-4	3.46033	0.220660	835515	184364
314.159	2581.63	50.01	3.42648e-4	3.19014	0.259472	901185	233833
3.14159	2779.54	55.02	1.67027e-3	4.88060	0.489634	262435	128497
6.76836	2790.10	55.00	1.67762e-3	6.47646	0.387527	359967	139497
14.5820	2799.54	55.02	1.60693e-3	7.24545	0.325831	428705	139685
31.4159	2808.24	55.02	1.23112e-3	6.43259	0.295565	501072	148099
67.6836	2816.87	55.01	7.64980e-4	4.49181	0.257214	568670	146270
145.820	2825.60	55.01	5.29042e-4	3.43901	0.252666	630239	159240
314.159	2834.16	54.99	4.43756e-4	3.21203	0.302063	692906	209301
3.14159	3032.06	60.01	1.72198e-3	3.35396	0.547857	170818	93583.9
6.76836	3042.61	60.02	1.74180e-3	4.59143	0.474351	238165	112974
14.5820	3052.05	60.02	1.71947e-3	5.55296	0.411661	298632	122935
31.4159	3060.76	60.01	1.43907e-3	5.50314	0.368140	358865	132112
67.6836	3069.37	60.01	9.46502e-4	4.27132	0.324363	429258	139235
145.820	3078.10	60.00	6.44578e-4	3.32376	0.318223	491370	156365
314.159	3086.68	60.02	5.31497e-4	3.14032	0.354645	556863	197489
3.14159	3284.58	65.00	1.82038e-3	2.09657	0.718858	93516.7	67225.3
6.76836	3295.14	65.02	2.03028e-3	3.19423	0.648311	132014	85586.1
14.5820	3304.58	65.00	2.13873e-3	4.38439	0.564318	178534	100750
31.4159	3313.28	65.03	1.95383e-3	5.05657	0.494255	232011	114673
67.6836	3321.91	65.00	1.38073e-3	4.40458	0.446664	291269	130099
145.820	3330.64	65.01	9.50916e-4	3.64498	0.415889	353925	147193
314.159	3339.23	65.02	7.61956e-4	3.46031	0.443601	415123	184149
3.14159	3537.12	70.03	2.10031e-3	1.20110	0.836964	43853.7	36703.9
6.76836	3547.68	70.02	2.31541e-3	1.99653	0.774031	68188.0	52779.6
14.5820	3557.12	70.00	2.58223e-3	3.08329	0.713584	97195.4	69357.1
31.4159	3565.82	70.02	2.71212e-3	4.36864	0.651651	134953	87942.4
67.6836	3574.45	70.04	2.14947e-3	4.52532	0.597729	180711	108016
145.820	3583.19	70.00	1.52131e-3	4.05359	0.545479	233916	127596
314.159	3591.77	70.00	1.19528e-3	3.99294	0.541514	293755	159072
3.14159	3789.66	75.01	2.72690e-3	0.845461	0.789166	24338.5	19207.1
6.76836	3800.23	75.01	3.01081e-3	1.39074	0.841646	35340.4	29744.1
14.5820	3809.67	75.01	3.34808e-3	2.20053	0.830907	50551.6	42003.7
31.4159	3818.37	75.01	3.67713e-3	3.41299	0.791179	72789.7	57589.7
67.6836	3826.98	75.02	3.23353e-3	4.19014	0.750281	103653	77769.0
145.820	3835.72	75.03	2.44649e-3	4.26274	0.694514	143110	99391.9
314.159	3844.29	75.00	1.91556e-3	4.41305	0.691704	189469	131056
3.14159	4042.19	80.00	3.62044e-3	0.653216	0.649198	15133.1	9824.39
6.76836	4052.74	80.03	3.99664e-3	1.01170	0.728261	20462.6	14902.1
14.5820	4066.92	80.02	4.42051e-3	1.61507	0.802298	28497.7	22863.6
31.4159	4075.62	80.03	4.87601e-3	2.53445	0.883869	38945.8	34423.0
67.6836	4084.23	79.98	5.03102e-3	3.77327	0.826211	57818.7	47770.5
145.820	4094.33	80.03	4.15490e-3	4.44965	0.813410	83080.1	67578.2
314.159	4102.94	79.98	3.34749e-3	5.01817	0.858194	113760	97628.0
3.14159	4300.82	85.03	5.29887e-3	0.717057	0.312648	12915.7	4038.08
6.76836	4311.39	85.00	5.83237e-3	0.962164	0.509224	14700.7	7485.94
14.5820	4320.83	85.01	6.43496e-3	1.40565	0.646444	18344.7	11858.8
31.4159	4329.53	85.00	7.08640e-3	2.15483	0.801908	23722.6	19023.3
67.6836	4338.14	85.01	7.53573e-3	3.31369	0.886463	32905.5	29169.5
145.820	4346.87	85.01	6.73873e-3	4.27466	0.906057	47008.4	42592.3
314.159	4355.43	85.01	5.70242e-3	5.25474	0.923989	67680.9	62536.4
3.14159	4553.33	90.01	7.80643e-3	0.918817	0.134377	11665.2	1567.53
6.76836	4563.89	90.00	8.58672e-3	1.11024	0.310093	12349.6	3829.52
14.5820	4573.32	90.00	9.45136e-3	1.43228	0.434819	13897.3	6042.81
31.4159	4582.02	90.00	0.0103739	2.01348	0.615283	16530.6	10171.0
67.6836	4590.65	90.02	0.0111449	2.94185	0.758121	21034.8	15946.9
145.820	4599.36	90.00	0.0114010	4.31875	0.895449	28220.1	25269.6
314.159	4607.93	90.02	0.0101544	5.69875	1.00852	39514.8	39851.4
3.14159	4805.82	95.00	0.0125669	1.37065	0.0843714	10868.2	916.964
6.76836	4816.37	95.03	0.0138235	1.61902	0.165543	11554.9	1912.82
14.5820	4825.81	95.01	0.0151974	1.93100	0.256047	12309.0	3151.68
31.4159	4834.51	95.01	0.0166435	2.43598	0.386630	13651.4	5278.03
67.6836	4843.12	95.01	0.0179340	3.23527	0.557812	15754.6	8788.09
145.820	4851.84	95.02	0.0175721	4.22588	0.742713	19306.4	14339.1
314.159	4860.54	95.00	0.0162589	5.60721	0.963684	24832.8	23931.0
3.14159	5058.46	100.02	0.0189555	2.14366	0.0819901	11271.1	924.120
6.76836	5069.01	100.01	0.0208470	2.37986	0.0847383	11375.1	963.905
14.5820	5078.45	100.01	0.0229047	2.69936	0.136751	11676.5	1596.77
31.4159	5087.15	99.99	0.0250561	3.16923	0.236478	12309.0	2910.82
67.6836	5095.76	100.01	0.0258291	3.73253	0.365060	13574.6	4955.55
145.820	5104.48	100.02	0.0248300	4.29413	0.542867	15198.9	8251.01
314.159	5113.04	99.99	0.0235137	5.41556	0.782320	18140.0	14191.2
3.14159	5310.92	105.02	0.0265385	2.98785	0.0280466	11254.1	315.639
6.76836	5321.48	105.02	0.0291790	3.30349	0.0469277	11309.0	530.708
14.5820	5330.94	104.99	0.0293987	3.37918	0.0712685	11465.3	817.111
31.4159	5339.64	105.01	0.0292113	3.48050	0.136230	11805.9	1608.31
67.6836	5348.26	105.00	0.0286274	3.61776	0.223283	12333.7	2753.90
145.820	5357.00	105.00	0.0276575	3.92549	0.364965	13333.0	4866.09
314.159	5365.57	104.99	0.0265397	4.52992	0.576363	14788.1	8523.31
3.14159	5563.19	110.02	0.0294481	3.40943	6.45500e-3	11577.5	74.7329
6.76836	5573.75	110.02	0.0294396	3.39325	0.0194242	11524.0	223.844
14.5820	5583.20	110.02	0.0293893	3.39461	0.0417521	11540.4	481.837
31.4159	5591.90	110.00	0.0291871	3.44415	0.0705713	11771.0	830.691
67.6836	5600.53	110.01	0.0285985	3.45784	0.140980	11972.6	1687.90
145.820	5609.26	110.03	0.0277004	3.54187	0.232252	12454.8	2892.66
314.159	5617.84	110.00	0.0267769	3.81085	0.397828	13223.8	5260.80

