Filename	A50V50-8
Instrument name	4020-0324
Operator	AD
rundate	9/24/2026
Sample name	A50V50-8
Geometry name	Tension fixture (rectangle)
Procedure name	TMA IsoForce Temperature Ramp
	Flow Axial Test
	AutoTension AutoStrain Settings
	Standard Oscillatory Temperature Sweep
proceduresegments	TMA IsoForce Temperature Ramp#Flow Axial Test#Standard Oscillatory Temperature Sweep
[File Parameters]
Name	A50V50-8
Instrument type	RSAG2
Instrument serial number	4020-0324
Instrument name	4020-0324
Instrument location	Univ of Colorado
Company name	Univ of Colorado
Trios version	5.1.1.46572
File name	C:\ProgramData\TA Instruments\TRIOS\Data\Alex\A50V50-8.tri
Run date	9/24/2026 9:07:59 AM
Time at start of test	24.5023
[Geometry Parameters]
Geometry Type	Linear tension
Name	Tension fixture (rectangle)
Length	10.0 mm
Width	3.0 mm
Thickness	1.0 mm
Loading gap	10.0 mm
Notes	


[Geometry Extended Parameters]
Expansion coefficient	2.6 µm/°C
Move stage to maintain starting gap	Passive
Orientation Angle	0.0
Upper Compliance	0.0 µm/kg
Lower Compliance	0.0 µm/kg
Upper Geometry Mass	95.62 g
Stress constant (linear)	333333 Pa/N
Strain constant (linear)	100.0 1/m
[Instrument Parameters]
GapZeroSetback	1000 [mm]
GapFast	0.0100000
GapSlow	1.00000e-5
Temperature limit	620.000 [°C]
[Firmware Versions]
Code Image Loader	V2018.5.29
Main Embedded Kernel	V2019.10.10
Power Board	V2017.1.11
Linear Encoder Board	V2017.1.11
Stepper / Rear Panel Board	V2017.1.11
Phase Fire Board	V2019.7.19
FCO PRT Board	V2011.9.7
[Calibration Date Information]
Phase angle correction calibration	8/7/2019 6:40 PM
Transducer static normal calibration	5/3/2024 1:39 PM
Filter lag correction calibration	3/2/2018 1:31 PM
Motor torque/motor force constant calibration	3/2/2018 12:07 PM
Actuator deflection scale constant calibration	3/2/2018 12:58 PM
Magnet temperature scaling factor calibration	3/6/2018 8:43 AM
Programmable gain amplifier calibration	3/2/2018 1:15 PM
[Calibration Parameters]
SPFrtScaleLow	370.8792
SPFrtScaleMid	3708.792
Transducer full scale	3708.792
SPNrmScale	1.549643
SPXducerMass	555.4000
SPXducerNormDamping	-0.93000
SPXducerNormSpringConst	1.500000
[Temperature Control Information]
TempOffsetTbl01	FCO/Upper Tool PRT offset 
TempOffsetTbl02	FCO/Lower Tool PRT offset 
TempOffsetTbl03	FCO/Middle PRT offset 
Temperature option	None
[step]
Temperature Ramp IsoForce - 1
Step time	Temperature	Strain	Stress	Modulus	Delta length	Gap	Force
s	°C	%	kPa	kPa	mm	mm	N
0.500167	19.54	0.0416810	-60.8376	-145960	4.21143e-3	10.1081	-0.182513
1.50017	19.52	0.0907242	-278.878	-307391	9.16672e-3	10.1131	-0.836635
2.50017	19.49	0.0952548	-334.539	-351205	9.62448e-3	10.1136	-1.00362
3.50017	19.43	0.0965384	-302.665	-313518	9.75418e-3	10.1137	-0.907996
4.50017	19.34	0.0982751	-290.362	-295458	9.92966e-3	10.1139	-0.871087
5.50017	19.26	0.100446	-284.959	-283694	0.0101490	10.1141	-0.854877
6.50017	19.16	0.103004	-283.590	-275320	0.0104074	10.1143	-0.850770
7.50017	19.05	0.105798	-285.219	-269589	0.0106897	10.1146	-0.855658
8.50016	18.93	0.108308	-287.895	-265811	0.0109434	10.1149	-0.863686
9.50016	18.84	0.110961	-290.073	-261419	0.0112114	10.1151	-0.870218
10.5002	18.74	0.111536	-283.636	-254299	0.0112696	10.1152	-0.850909
11.5002	18.65	0.111527	-271.744	-243658	0.0112686	10.1152	-0.815232
12.5002	18.55	0.113037	-274.888	-243184	0.0114212	10.1154	-0.824663
13.5002	18.45	0.114434	-274.013	-239451	0.0115623	10.1155	-0.822040
14.5002	18.37	0.116350	-276.775	-237881	0.0117559	10.1157	-0.830324
15.5002	18.30	0.118049	-279.173	-236489	0.0119276	10.1159	-0.837520
16.5002	18.22	0.118719	-275.947	-232436	0.0119953	10.1159	-0.827840
17.5002	18.14	0.119569	-275.008	-230000	0.0120811	10.1160	-0.825024
18.5002	18.07	0.120494	-275.419	-228576	0.0121746	10.1161	-0.826258
19.5002	18.02	0.121456	-274.757	-226218	0.0122719	10.1162	-0.824270
20.5002	17.94	0.122212	-276.018	-225853	0.0123482	10.1163	-0.828055
21.5002	17.87	0.123816	-279.873	-226040	0.0125103	10.1164	-0.839620
22.5002	17.77	0.124448	-278.280	-223611	0.0125742	10.1165	-0.834841
23.5002	17.70	0.124628	-273.487	-219443	0.0125923	10.1165	-0.820461
24.5002	17.61	0.125827	-276.641	-219859	0.0127134	10.1166	-0.829922
25.5002	17.50	0.127167	-278.873	-219297	0.0128489	10.1168	-0.836619
26.5002	17.40	0.127110	-274.887	-216259	0.0128431	10.1168	-0.824662
27.5002	17.32	0.128309	-276.587	-215563	0.0129642	10.1169	-0.829761
28.5002	17.24	0.129007	-275.747	-213745	0.0130348	10.1170	-0.827241
29.5002	17.15	0.130253	-278.686	-213957	0.0131607	10.1171	-0.836058
30.5002	17.07	0.130027	-274.236	-210907	0.0131378	10.1171	-0.822708
31.5002	16.99	0.131773	-279.369	-212008	0.0133142	10.1173	-0.838106
32.5002	16.90	0.131971	-278.488	-211022	0.0133343	10.1173	-0.835463
33.5002	16.82	0.132434	-273.708	-206675	0.0133810	10.1173	-0.821123
34.5002	16.73	0.133377	-276.247	-207116	0.0134764	10.1174	-0.828740
35.5002	16.66	0.133472	-275.413	-206345	0.0134859	10.1174	-0.826238
36.5002	16.59	0.134284	-278.768	-207596	0.0135679	10.1175	-0.836303
37.5002	16.51	0.133925	-274.953	-205304	0.0135317	10.1175	-0.824859
38.5002	16.43	0.134755	-275.164	-204195	0.0136156	10.1176	-0.825493
39.5002	16.36	0.135992	-281.402	-206926	0.0137405	10.1177	-0.844207
40.5002	16.28	0.136917	-283.367	-206963	0.0138340	10.1178	-0.850100
41.5002	16.19	0.135747	-273.706	-201630	0.0137157	10.1177	-0.821117
42.5002	16.10	0.136417	-275.160	-201705	0.0137835	10.1177	-0.825480
43.5002	16.01	0.138191	-284.148	-205619	0.0139627	10.1179	-0.852443
44.5002	15.94	0.138946	-285.134	-205211	0.0140390	10.1180	-0.855401
45.5002	15.85	0.136672	-272.277	-199220	0.0138092	10.1177	-0.816831
46.5002	15.77	0.137691	-275.784	-200292	0.0139122	10.1178	-0.827351
47.5002	15.69	0.137634	-274.888	-199723	0.0139065	10.1178	-0.824663
48.5002	15.62	0.138682	-277.659	-200213	0.0140123	10.1179	-0.832978
49.5002	15.55	0.137965	-274.699	-199109	0.0139399	10.1179	-0.824098
50.5002	15.47	0.138106	-273.746	-198214	0.0139542	10.1179	-0.821239
51.5002	15.40	0.139050	-277.707	-199717	0.0140495	10.1180	-0.833121
52.5002	15.34	0.138673	-276.058	-199072	0.0140114	10.1179	-0.828174
53.5002	15.24	0.139220	-275.741	-198061	0.0140667	10.1180	-0.827222
54.5002	15.16	0.138871	-274.222	-197466	0.0140314	10.1180	-0.822667
55.5002	15.08	0.139418	-275.546	-197640	0.0140867	10.1180	-0.826639
56.5002	15.02	0.139277	-275.380	-197722	0.0140724	10.1180	-0.826141
57.5002	14.94	0.139852	-278.566	-199186	0.0141306	10.1181	-0.835698
58.5002	14.86	0.139635	-273.957	-196195	0.0141087	10.1180	-0.821870
59.5002	14.78	0.139664	-275.052	-196939	0.0141115	10.1180	-0.825157
60.5002	14.70	0.139918	-275.077	-196598	0.0141373	10.1181	-0.825230
61.5002	14.61	0.140334	-275.260	-196147	0.0141792	10.1181	-0.825780
62.5002	14.53	0.140258	-274.850	-195960	0.0141716	10.1181	-0.824551
63.5002	14.44	0.140645	-276.324	-196469	0.0142107	10.1181	-0.828971
64.5002	14.37	0.141457	-276.826	-195696	0.0142927	10.1182	-0.830478
65.5002	14.29	0.141164	-275.531	-195184	0.0142632	10.1182	-0.826592
66.5002	14.22	0.140560	-272.012	-193520	0.0142021	10.1181	-0.816037
67.5002	14.15	0.141693	-275.260	-194265	0.0143166	10.1183	-0.825780
68.5002	14.09	0.141485	-275.956	-195043	0.0142956	10.1182	-0.827869
69.5002	14.02	0.141212	-275.227	-194904	0.0142679	10.1182	-0.825681
70.5002	13.93	0.141646	-275.278	-194343	0.0143118	10.1182	-0.825835
71.5002	13.85	0.141230	-273.891	-193932	0.0142698	10.1182	-0.821673
72.5002	13.77	0.143005	-282.054	-197234	0.0144491	10.1184	-0.846161
73.5002	13.70	0.141240	-276.207	-195559	0.0142708	10.1182	-0.828621
74.5002	13.61	0.141778	-274.938	-193921	0.0143251	10.1183	-0.824812
75.5002	13.52	0.141919	-274.981	-193759	0.0143394	10.1183	-0.824943
76.5002	13.45	0.141957	-275.046	-193753	0.0143433	10.1183	-0.825138
77.5002	13.37	0.141702	-275.433	-194374	0.0143175	10.1183	-0.826298
78.5002	13.28	0.142467	-278.275	-195326	0.0143948	10.1183	-0.834824
79.5002	13.21	0.141212	-275.221	-194900	0.0142679	10.1182	-0.825664
80.5002	13.11	0.142505	-278.664	-195547	0.0143986	10.1183	-0.835991
81.5002	13.05	0.142995	-279.848	-195704	0.0144482	10.1184	-0.839544
82.5002	12.96	0.142731	-276.086	-193431	0.0144215	10.1184	-0.828257
83.5002	12.88	0.142401	-275.008	-193123	0.0143881	10.1183	-0.825025
84.5002	12.79	0.143052	-277.399	-193914	0.0144539	10.1184	-0.832196
85.5002	12.72	0.143288	-276.527	-192987	0.0144777	10.1184	-0.829581
86.5002	12.66	0.143241	-278.786	-194627	0.0144730	10.1184	-0.836357
87.5002	12.57	0.142250	-274.124	-192706	0.0143728	10.1183	-0.822371
88.5002	12.50	0.143703	-283.534	-197305	0.0145197	10.1185	-0.850603
89.5002	12.43	0.142788	-278.518	-195057	0.0144272	10.1184	-0.835555
90.5002	12.36	0.142514	-273.914	-192201	0.0143995	10.1183	-0.821741
91.5002	12.29	0.142231	-276.581	-194459	0.0143709	10.1183	-0.829741
92.5002	12.19	0.141967	-275.017	-193720	0.0143442	10.1183	-0.825051
93.5002	12.09	0.141834	-275.416	-194181	0.0143309	10.1183	-0.826247
94.5002	12.02	0.141636	-274.772	-193998	0.0143108	10.1182	-0.824315
95.5002	11.94	0.142288	-276.782	-194523	0.0143766	10.1183	-0.830345
96.5002	11.83	0.142684	-278.188	-194968	0.0144167	10.1184	-0.834565
97.5002	11.76	0.142014	-278.615	-196189	0.0143490	10.1183	-0.835845
98.5002	11.69	0.141712	-273.626	-193086	0.0143185	10.1183	-0.820877
99.5002	11.62	0.141183	-275.377	-195049	0.0142651	10.1182	-0.826130
100.500	11.53	0.141589	-275.978	-194915	0.0143061	10.1182	-0.827934
101.500	11.44	0.142410	-282.112	-198098	0.0143890	10.1183	-0.846335
102.500	11.38	0.140362	-269.367	-191909	0.0141821	10.1181	-0.808100
103.500	11.31	0.140947	-275.946	-195780	0.0142412	10.1182	-0.827838
104.500	11.21	0.139937	-273.629	-195537	0.0141392	10.1181	-0.820886
105.500	11.12	0.141655	-280.473	-197997	0.0143127	10.1182	-0.841419
106.500	11.03	0.141750	-282.228	-199104	0.0143223	10.1183	-0.846685
107.500	10.94	0.140683	-270.135	-192017	0.0142145	10.1182	-0.810405
108.500	10.86	0.140919	-276.190	-195992	0.0142384	10.1182	-0.828569
109.500	10.77	0.140532	-274.031	-194995	0.0141993	10.1181	-0.822092
110.500	10.69	0.141485	-281.180	-198735	0.0142956	10.1182	-0.843540
111.500	10.62	0.139418	-270.802	-194237	0.0140867	10.1180	-0.812405
112.500	10.54	0.140607	-277.996	-197710	0.0142069	10.1181	-0.833987
113.500	10.47	0.139220	-271.786	-195220	0.0140667	10.1180	-0.815358
114.500	10.39	0.140202	-276.629	-197308	0.0141659	10.1181	-0.829887
115.500	10.32	0.139607	-274.638	-196723	0.0141058	10.1180	-0.823915
116.500	10.23	0.140315	-278.529	-198503	0.0141773	10.1181	-0.835586
117.500	10.14	0.139966	-274.794	-196329	0.0141420	10.1181	-0.824381
118.500	10.05	0.139060	-274.625	-197487	0.0140505	10.1180	-0.823874
119.500	9.97	0.138918	-273.193	-196658	0.0140362	10.1180	-0.819578
120.500	9.88	0.139598	-276.080	-197769	0.0141048	10.1180	-0.828240
121.500	9.81	0.139201	-274.995	-197552	0.0140648	10.1180	-0.824985
122.500	9.73	0.140400	-279.868	-199337	0.0141859	10.1181	-0.839604
123.500	9.66	0.140881	-284.571	-201994	0.0142345	10.1182	-0.853714
124.500	9.58	0.138219	-268.729	-194422	0.0139656	10.1179	-0.806186
125.500	9.49	0.139211	-277.344	-199226	0.0140657	10.1180	-0.832031
126.500	9.40	0.138446	-277.043	-200109	0.0139885	10.1179	-0.831129
127.500	9.31	0.139069	-279.593	-201046	0.0140514	10.1180	-0.838779
128.500	9.22	0.140202	-289.078	-206188	0.0141659	10.1181	-0.867235
129.500	9.14	0.137663	-272.161	-197701	0.0139093	10.1178	-0.816482
130.500	9.05	0.138993	-279.982	-201435	0.0140438	10.1180	-0.839946
131.500	8.98	0.138210	-280.388	-202871	0.0139647	10.1179	-0.841163
132.500	8.89	0.137521	-274.212	-199396	0.0138950	10.1178	-0.822636
133.500	8.81	0.139211	-290.341	-208562	0.0140657	10.1180	-0.871022
134.500	8.74	0.138559	-290.733	-209826	0.0139999	10.1179	-0.872200
135.500	8.64	0.136558	-270.104	-197794	0.0137978	10.1177	-0.810312
136.500	8.57	0.137568	-278.740	-202620	0.0138998	10.1178	-0.836220
137.500	8.48	0.137002	-277.601	-202626	0.0138426	10.1178	-0.832804
138.500	8.39	0.137464	-277.957	-202203	0.0138893	10.1178	-0.833870
139.500	8.33	0.136521	-278.287	-203843	0.0137939	10.1177	-0.834861
140.500	8.26	0.136190	-272.520	-200102	0.0137606	10.1177	-0.817560
141.500	8.17	0.135662	-276.926	-204130	0.0137072	10.1176	-0.830777
142.500	8.08	0.135482	-275.565	-203395	0.0136890	10.1176	-0.826694
143.500	8.00	0.135312	-277.082	-204772	0.0136719	10.1176	-0.831245
144.500	7.91	0.134548	-272.398	-202455	0.0135946	10.1175	-0.817195
145.500	7.83	0.134321	-274.949	-204695	0.0135717	10.1175	-0.824848
146.500	7.74	0.135001	-278.806	-206522	0.0136404	10.1176	-0.836419
147.500	7.65	0.132962	-272.515	-204957	0.0134344	10.1174	-0.817545
148.500	7.58	0.134029	-275.731	-205725	0.0135422	10.1175	-0.827192
149.500	7.48	0.132745	-274.531	-206811	0.0134125	10.1173	-0.823592
150.500	7.40	0.134000	-279.303	-208435	0.0135393	10.1175	-0.837910
151.500	7.32	0.133953	-283.761	-211836	0.0135345	10.1175	-0.851284
152.500	7.24	0.132179	-267.350	-202264	0.0133553	10.1173	-0.802051
153.500	7.14	0.133727	-282.582	-211313	0.0135117	10.1174	-0.847746
154.500	7.05	0.134085	-287.696	-214562	0.0135479	10.1175	-0.863088
155.500	6.96	0.131763	-264.995	-201114	0.0133133	10.1172	-0.794984
156.500	6.87	0.134029	-281.083	-209718	0.0135422	10.1175	-0.843248
157.500	6.80	0.134189	-289.903	-216040	0.0135584	10.1175	-0.869708
158.500	6.71	0.130697	-266.863	-204185	0.0132055	10.1171	-0.800590
159.500	6.63	0.133311	-279.950	-209997	0.0134697	10.1174	-0.839849
160.500	6.57	0.133481	-289.611	-216967	0.0134869	10.1174	-0.868833
161.500	6.49	0.130584	-268.569	-205668	0.0131941	10.1171	-0.805706
162.500	6.41	0.131905	-277.778	-210589	0.0133276	10.1173	-0.833333
163.500	6.34	0.132179	-284.720	-215406	0.0133553	10.1173	-0.854161
164.500	6.26	0.130017	-269.029	-206918	0.0131369	10.1171	-0.807087
165.500	6.17	0.131169	-278.818	-212564	0.0132532	10.1172	-0.836455
166.500	6.09	0.130612	-279.207	-213768	0.0131969	10.1171	-0.837620
167.500	5.99	0.130801	-273.869	-209379	0.0132160	10.1172	-0.821607
168.500	5.89	0.130602	-276.449	-211672	0.0131960	10.1171	-0.829347
169.500	5.80	0.130791	-278.307	-212787	0.0132151	10.1172	-0.834920
170.500	5.72	0.130300	-280.360	-215164	0.0131655	10.1171	-0.841080
171.500	5.63	0.129725	-269.023	-207380	0.0131073	10.1170	-0.807068
172.500	5.55	0.131159	-285.597	-217748	0.0132523	10.1172	-0.856790
173.500	5.48	0.132415	-302.710	-228607	0.0133791	10.1173	-0.908129
174.500	5.39	0.132047	-302.689	-229229	0.0133419	10.1173	-0.908067
175.500	5.32	0.127422	-263.467	-206768	0.0128746	10.1168	-0.790400
176.500	5.23	0.129196	-271.720	-210316	0.0130539	10.1170	-0.815159
177.500	5.17	0.130820	-297.041	-227062	0.0132179	10.1172	-0.891123
178.500	5.08	0.132320	-315.442	-238392	0.0133696	10.1173	-0.946325
179.500	4.99	0.131981	-315.557	-239093	0.0133352	10.1173	-0.946670
180.500	4.89	0.125411	-262.495	-209307	0.0126715	10.1166	-0.787484
181.500	4.83	0.127337	-265.867	-208791	0.0128660	10.1168	-0.797602
182.500	4.74	0.128545	-287.879	-223952	0.0129881	10.1169	-0.863637
183.500	4.64	0.126563	-281.754	-222620	0.0127878	10.1167	-0.845261
184.500	4.58	0.125827	-264.651	-210330	0.0127134	10.1166	-0.793954
185.500	4.51	0.127327	-283.312	-222507	0.0128651	10.1168	-0.849935
186.500	4.43	0.128658	-300.396	-233484	0.0129995	10.1169	-0.901188
187.500	4.34	0.125713	-287.266	-228509	0.0127020	10.1166	-0.861798
188.500	4.24	0.123042	-252.414	-205144	0.0124321	10.1164	-0.757241
189.500	4.17	0.125836	-276.486	-219720	0.0127144	10.1167	-0.829459
190.500	4.08	0.126459	-293.554	-232134	0.0127773	10.1167	-0.880661
191.500	3.97	0.122429	-264.080	-215701	0.0123701	10.1163	-0.792239
192.500	3.88	0.124788	-273.703	-219334	0.0126085	10.1165	-0.821109
193.500	3.80	0.125421	-287.316	-229082	0.0126724	10.1166	-0.861947
194.500	3.71	0.122910	-263.640	-214499	0.0124187	10.1164	-0.790921
195.500	3.63	0.124986	-285.038	-228055	0.0126286	10.1166	-0.855112
196.500	3.55	0.127006	-310.030	-244106	0.0128326	10.1168	-0.930089
197.500	3.48	0.119682	-266.470	-222648	0.0120926	10.1160	-0.799410
198.500	3.39	0.121834	-249.036	-204406	0.0123100	10.1162	-0.747109
199.500	3.31	0.123476	-277.366	-224631	0.0124760	10.1164	-0.832098
200.500	3.21	0.125175	-305.076	-243719	0.0126476	10.1166	-0.915227
201.500	3.12	0.128045	-330.094	-257796	0.0129375	10.1169	-0.990281
202.500	3.03	0.128620	-335.535	-260872	0.0129957	10.1169	-1.00661
203.500	2.96	0.117407	-235.017	-200173	0.0118628	10.1158	-0.705052
204.500	2.88	0.119097	-224.016	-188095	0.0120335	10.1160	-0.672047
205.500	2.81	0.121060	-256.672	-212021	0.0122318	10.1162	-0.770017
206.500	2.72	0.122882	-287.996	-234369	0.0124159	10.1164	-0.863989
207.500	2.64	0.125270	-314.792	-251291	0.0126572	10.1166	-0.944375
208.500	2.56	0.126761	-338.512	-267047	0.0128078	10.1167	-1.01554
209.500	2.47	0.128800	-360.608	-279976	0.0130138	10.1169	-1.08182
210.500	2.40	0.129829	-369.366	-284503	0.0131178	10.1171	-1.10810
211.500	2.34	0.115076	-262.550	-228154	0.0116272	10.1156	-0.787651
212.500	2.26	0.116350	-211.696	-181948	0.0117559	10.1157	-0.635089
213.500	2.18	0.118436	-244.445	-206394	0.0119667	10.1159	-0.733335
214.500	2.09	0.120399	-279.520	-232161	0.0121651	10.1161	-0.838560
215.500	1.99	0.122778	-313.398	-255256	0.0124054	10.1163	-0.940194
216.500	1.88	0.125222	-342.125	-273214	0.0126524	10.1166	-1.02637
217.500	1.77	0.127629	-370.318	-290151	0.0128956	10.1168	-1.11095
218.500	1.68	0.130046	-396.766	-305097	0.0131397	10.1171	-1.19030
219.500	1.56	0.131933	-406.447	-308070	0.0133305	10.1173	-1.21934
220.500	1.51	0.111489	-250.709	-224873	0.0112648	10.1152	-0.752128
221.500	1.42	0.112867	-166.945	-147913	0.0114040	10.1153	-0.500835
222.500	1.35	0.114793	-203.129	-176953	0.0115986	10.1155	-0.609386
223.500	1.28	0.116794	-244.175	-209065	0.0118008	10.1157	-0.732524
224.500	1.21	0.118436	-278.190	-234886	0.0119667	10.1159	-0.834569
225.500	1.13	0.120163	-306.472	-255046	0.0121412	10.1161	-0.919417
226.500	1.07	0.121900	-332.892	-273086	0.0123167	10.1163	-0.998676
227.500	1.01	0.123240	-356.078	-288929	0.0124521	10.1164	-1.06823
228.500	0.92	0.124732	-381.411	-305785	0.0126028	10.1165	-1.14423
229.500	0.83	0.127101	-408.082	-321069	0.0128422	10.1168	-1.22424
230.500	0.75	0.129234	-433.236	-335234	0.0130577	10.1170	-1.29971
231.500	0.68	0.130923	-453.280	-346218	0.0132284	10.1172	-1.35984
232.500	0.59	0.131461	-440.202	-334853	0.0132828	10.1172	-1.32061
233.500	0.48	0.0994172	-143.705	-144548	0.0100451	10.1140	-0.431116
234.500	0.39	0.102758	-70.5431	-68649.4	0.0103827	10.1143	-0.211629
235.500	0.32	0.104901	-121.344	-115674	0.0105991	10.1145	-0.364031
236.500	0.24	0.106100	-170.132	-160351	0.0107203	10.1147	-0.510396
237.500	0.14	0.108695	-212.983	-195945	0.0109825	10.1149	-0.638949
238.500	0.05	0.111319	-249.719	-224327	0.0112476	10.1152	-0.749157
239.500	-0.05	0.113311	-282.099	-248960	0.0114489	10.1154	-0.846297
240.500	-0.17	0.115793	-316.452	-273290	0.0116997	10.1156	-0.949355
241.500	-0.22	0.117860	-343.033	-291050	0.0119085	10.1158	-1.02910
242.500	-0.27	0.119559	-363.272	-303843	0.0120802	10.1160	-1.08982
243.500	-0.27	0.120163	-377.218	-313921	0.0121412	10.1161	-1.13165
244.500	-0.26	0.119965	-385.870	-321652	0.0121212	10.1161	-1.15761
245.500	-0.23	0.119616	-391.998	-327714	0.0120859	10.1160	-1.17599
246.500	-0.21	0.118663	-394.408	-332378	0.0119896	10.1159	-1.18322
247.500	-0.17	0.118143	-397.234	-336230	0.0119371	10.1159	-1.19170
248.500	-0.12	0.117049	-397.943	-339981	0.0118265	10.1158	-1.19383
249.500	-0.09	0.116020	-399.163	-344048	0.0117226	10.1157	-1.19749

[step]
Temperature Sweep - 2
Angular frequency	Step time	Temperature	Oscillation strain	Oscillation stress	Tan(delta)	Storage modulus	Loss modulus
rad/s	s	°C	%	kPa		kPa	kPa
3.14159	4.00382	0.00	9.57870e-4	10.6446	-0.193185	1091110	-210785
6.76836	14.5597	-0.02	8.42998e-4	14.7833	0.111122	1742930	193677
14.5820	24.0090	0.00	5.43625e-4	10.2491	0.114084	1873180	213699
31.4159	32.7250	-0.01	2.93649e-4	5.57372	0.0864528	1891040	163485
67.6836	41.3480	-0.02	1.56585e-4	3.17952	-4.88214e-3	2030510	-9913.25
145.820	50.0698	0.00	1.23810e-4	2.54107	0.115482	2038850	235451
314.159	58.6792	0.00	1.18454e-4	2.53090	0.157843	2110480	333126
3.14159	266.630	5.02	1.25391e-3	16.3132	0.108251	1293430	140015
6.76836	277.194	5.01	1.11932e-3	16.8612	0.128965	1494000	192673
14.5820	286.631	5.01	7.61559e-4	12.2186	0.112207	1594410	178905
31.4159	295.333	5.01	4.10809e-4	6.96736	0.113135	1685260	190662
67.6836	303.966	5.01	2.33667e-4	4.10375	0.116496	1744440	203220
145.820	312.686	5.01	1.65133e-4	3.01976	0.139152	1811230	252038
314.159	321.297	5.01	1.56628e-4	3.02943	0.165077	1908320	315020
3.14159	521.273	10.02	1.52741e-3	16.2192	0.143333	1051140	150662
6.76836	531.827	10.02	1.42375e-3	17.6318	0.166452	1221600	203337
14.5820	541.262	10.01	1.03577e-3	13.8188	0.147108	1319960	194177
31.4159	549.964	10.01	5.75603e-4	8.17450	0.132981	1407770	187206
67.6836	558.575	10.02	3.14042e-4	4.83436	0.118603	1528680	181306
145.820	567.295	10.00	2.25793e-4	3.59762	0.142410	1577410	224639
314.159	575.918	10.00	1.89124e-4	3.25204	0.188813	1689680	319033
3.14159	773.850	15.02	1.56480e-3	14.3475	0.175400	903106	158405
6.76836	784.404	15.02	1.50647e-3	15.0327	0.186646	980938	183088
14.5820	793.841	15.02	1.17736e-3	12.7863	0.173089	1070100	185222
31.4159	802.543	15.01	6.78515e-4	8.06285	0.169505	1171600	198592
67.6836	811.154	15.02	3.91689e-4	4.90866	0.171356	1235200	211659
145.820	819.874	15.00	2.63483e-4	3.59197	0.176030	1342620	236342
314.159	828.497	15.00	2.24768e-4	3.26570	0.221901	1418420	314749
3.14159	1026.44	20.01	1.60140e-3	10.6868	0.188567	655785	123660
6.76836	1036.99	20.02	1.56498e-3	12.3482	0.194705	774487	150797
14.5820	1046.43	20.02	1.31104e-3	11.4184	0.195070	854831	166752
31.4159	1055.14	20.00	8.07530e-4	7.72135	0.189312	939482	177855
67.6836	1064.23	20.02	3.76956e-4	4.34104	0.241687	1119370	270538
145.820	1074.38	20.01	3.13549e-4	3.59211	0.152300	1132570	172490
314.159	1083.00	20.00	2.65125e-4	3.25356	0.262012	1187110	311037
3.14159	1280.95	25.02	1.64641e-3	8.22380	0.216720	488167	105796
6.76836	1291.51	25.02	1.62994e-3	9.94570	0.225207	595279	134061
14.5820	1300.94	25.02	1.44711e-3	9.85569	0.222102	664860	147667
31.4159	1309.64	25.01	9.60889e-4	7.27900	0.216715	740342	160443
67.6836	1318.25	25.00	5.49541e-4	4.60000	0.214728	818406	175735
145.820	1326.97	25.01	3.83345e-4	3.49677	0.234352	888110	208130
314.159	1335.59	24.99	3.17772e-4	3.21946	0.284521	974461	277255
3.14159	1533.54	30.01	1.70303e-3	5.79839	0.268721	328811	88358.3
6.76836	1544.09	30.03	1.70587e-3	7.78790	0.255266	442350	112917
14.5820	1559.14	30.01	1.57981e-3	8.22950	0.245079	505945	123997
31.4159	1567.80	30.01	1.14724e-3	6.73327	0.251394	569201	143094
67.6836	1576.41	30.02	6.89205e-4	4.50107	0.250058	633572	158430
145.820	1585.14	30.00	4.72481e-4	3.44257	0.264359	704417	186219
314.159	1593.76	30.01	3.91426e-4	3.17805	0.312327	774996	242052
3.14159	1791.71	35.02	1.78060e-3	4.22226	0.300706	227082	68284.7
6.76836	1802.26	35.02	1.79175e-3	5.86739	0.296556	313952	93104.3
14.5820	1811.70	35.02	1.72613e-3	6.52365	0.289012	363077	104933
31.4159	1820.40	35.00	1.38098e-3	5.91399	0.294483	410805	120975
67.6836	1829.01	35.02	8.76862e-4	4.34649	0.277901	477588	132722
145.820	1837.73	35.01	5.99296e-4	3.34419	0.295953	535078	158358
314.159	1846.36	34.99	4.93101e-4	3.12273	0.351042	597536	209760
3.14159	2044.31	40.02	1.90954e-3	2.86730	0.389296	139928	54473.2
6.76836	2054.86	40.02	2.10388e-3	4.67301	0.347471	209809	72902.7
14.5820	2064.30	40.01	2.07502e-3	5.41006	0.344524	246503	84926.2
31.4159	2073.00	40.01	1.78981e-3	5.45711	0.328188	289697	95074.8
67.6836	2081.61	40.02	1.23777e-3	4.39222	0.322374	337734	108876
145.820	2090.34	40.00	8.63203e-4	3.52688	0.346303	386085	133703
314.159	2098.97	40.02	7.03724e-4	3.34802	0.392777	442824	173931
3.14159	2296.91	45.02	2.08583e-3	2.04101	0.451796	89172.5	40287.7
6.76836	2307.46	45.00	2.30674e-3	3.34355	0.406634	134270	54598.8
14.5820	2316.91	45.01	2.30397e-3	4.04397	0.391712	163431	64017.9
31.4159	2325.62	45.00	2.10267e-3	4.42302	0.364769	197616	72084.0
67.6836	2334.23	45.02	1.58991e-3	3.93540	0.364882	232528	84845.3
145.820	2342.96	45.00	1.14746e-3	3.40442	0.390990	276321	108039
314.159	2351.58	45.01	9.34235e-4	3.27887	0.446711	320449	143148
3.14159	2549.50	50.02	2.32635e-3	1.45728	0.503583	55948.5	28174.7
6.76836	2560.05	50.00	2.57380e-3	2.41022	0.467138	84843.6	39633.7
14.5820	2569.48	50.04	2.84104e-3	3.32090	0.455694	106367	48470.8
31.4159	2578.19	50.01	2.71827e-3	3.91489	0.439236	131862	57918.6
67.6836	2586.80	50.02	2.20912e-3	3.86713	0.432553	160666	69496.7
145.820	2595.52	50.02	1.66453e-3	3.50408	0.417309	194277	81073.4
314.159	2604.13	50.01	1.36848e-3	3.50319	0.423766	235701	99881.8
3.14159	2802.07	55.01	2.83138e-3	1.33895	0.542947	41559.0	22564.4
6.76836	2812.62	55.02	3.12087e-3	1.88179	0.536446	53134.5	28503.8
14.5820	2822.06	55.01	3.44866e-3	2.63243	0.513248	67909.7	34854.5
31.4159	2830.77	55.01	3.70574e-3	3.56719	0.499717	86108.4	43029.8
67.6836	2839.38	55.01	3.22831e-3	3.75685	0.458160	105797	48471.8
145.820	2848.10	55.03	2.54475e-3	3.79433	0.480561	134391	64583.4
314.159	2856.72	55.00	2.11588e-3	3.90053	0.495623	165171	81862.7
3.14159	3054.68	60.01	3.75282e-3	1.05122	0.645980	23529.1	15199.3
6.76836	3065.24	60.03	4.14556e-3	1.52496	0.589419	31690.1	18678.7
14.5820	3074.68	59.99	4.57892e-3	2.21352	0.583974	41744.8	24377.9
31.4159	3083.38	60.03	4.98259e-3	3.11689	0.568917	54372.2	30933.3
67.6836	3091.99	60.01	4.88545e-3	4.19784	0.406770	79592.6	32375.9
145.820	3100.71	59.99	4.05531e-3	4.13034	0.550153	89237.2	49094.1
314.159	3111.53	60.02	3.43692e-3	4.46656	0.565944	113102	64009.1
3.14159	3309.46	65.01	5.33882e-3	0.864698	0.601194	13881.0	8345.17
6.76836	3320.01	65.04	5.89120e-3	1.31481	0.636974	18823.9	11990.3
14.5820	3329.44	64.98	6.50023e-3	1.97462	0.641832	25564.9	16408.4
31.4159	3338.14	65.01	7.11401e-3	2.85259	0.629638	33932.2	21365.0
67.6836	3346.75	65.00	7.39536e-3	3.83174	0.681334	42818.7	29173.9
145.820	3355.47	65.01	6.46738e-3	4.44144	0.619396	58382.4	36161.8
314.159	3364.08	65.01	5.60459e-3	5.04626	0.636696	75950.2	48357.2
3.14159	3562.02	70.00	7.81880e-3	0.842765	0.512731	9591.42	4917.82
6.76836	3572.57	70.01	8.61876e-3	1.19401	0.575800	12005.7	6912.87
14.5820	3582.00	69.98	9.49805e-3	1.76127	0.644963	15583.4	10050.7
31.4159	3590.70	70.02	0.0104210	2.60110	0.661609	20816.6	13772.5
67.6836	3599.31	70.01	0.0110617	3.70446	0.678944	27706.7	18811.3
145.820	3608.03	70.02	0.0100519	4.55849	0.687459	37370.5	25690.7
314.159	3616.64	69.99	8.94944e-3	5.44190	0.712067	49532.7	35270.6
3.14159	3814.59	75.00	0.0114602	0.911911	0.323158	7571.65	2446.84
6.76836	3825.14	75.01	0.0126060	1.21569	0.454076	8780.87	3987.18
14.5820	3834.58	75.02	0.0138767	1.68259	0.561162	10574.1	5933.79
31.4159	3843.28	75.02	0.0152296	2.44115	0.638702	13508.7	8628.02
67.6836	3851.89	75.00	0.0163521	3.61156	0.657034	18458.5	12127.9
145.820	3860.62	75.02	0.0152957	4.51994	0.735447	23805.6	17507.8
314.159	3869.24	75.01	0.0139659	5.65185	0.774256	31998.8	24775.3
3.14159	4067.18	80.01	0.0167690	1.14461	0.189691	6706.17	1272.10
6.76836	4077.73	80.02	0.0184452	1.38490	0.287216	7216.44	2072.67
14.5820	4087.17	80.01	0.0202914	1.78181	0.406927	8133.45	3309.72
31.4159	4095.87	79.99	0.0222550	2.45298	0.524484	9761.04	5119.51
67.6836	4104.47	80.01	0.0240258	3.42449	0.619165	12118.5	7503.36
145.820	4113.21	80.01	0.0229060	4.46140	0.708320	15893.8	11257.9
314.159	4121.82	80.02	0.0213654	5.78134	0.811367	21012.8	17049.1
3.14159	4319.76	85.04	0.0245551	1.55716	0.106520	6305.82	671.698
6.76836	4330.31	85.00	0.0270032	1.80863	0.172115	6600.78	1136.09
14.5820	4339.75	85.01	0.0296838	2.16986	0.262414	7070.53	1855.41
31.4159	4348.45	85.00	0.0325354	2.75133	0.368576	7934.63	2924.52
67.6836	4357.06	85.03	0.0352120	3.63060	0.499322	9224.65	4606.07
145.820	4365.78	85.00	0.0339470	4.55578	0.631124	11349.0	7162.63
314.159	4374.39	84.99	0.0322057	5.88095	0.748837	14616.6	10945.5
3.14159	4572.31	90.00	0.0359443	2.28904	0.0484048	6360.85	307.896
6.76836	4582.87	90.02	0.0395345	2.52770	0.0966896	6363.98	615.330
14.5820	4592.32	90.00	0.0434506	2.91271	0.158724	6620.61	1050.85
31.4159	4601.02	89.99	0.0475909	3.45652	0.244391	7055.36	1724.26
67.6836	4609.63	90.02	0.0468610	3.85810	0.364102	7736.24	2816.78
145.820	4618.35	89.98	0.0454593	4.53796	0.501176	8924.38	4472.69
314.159	4626.96	90.01	0.0436279	5.63288	0.655804	10796.6	7080.44
3.14159	4824.91	95.00	0.0478364	3.01041	0.0417270	6287.67	262.365
6.76836	4835.46	95.01	0.0526176	3.34428	0.0530850	6346.88	336.924
14.5820	4844.91	95.03	0.0525594	3.41533	0.0886179	6472.68	573.595
31.4159	4853.61	95.00	0.0523133	3.50988	0.146197	6638.76	970.566
67.6836	4862.22	95.01	0.0515203	3.67080	0.241870	6925.27	1675.02
145.820	4870.95	95.00	0.0501496	4.09213	0.360763	7675.62	2769.08
314.159	4879.58	95.01	0.0484855	4.71983	0.506046	8685.71	4395.37
3.14159	5077.25	100.04	0.0526342	3.38550	0.0108845	6431.75	70.0065
6.76836	5087.81	100.02	0.0526119	3.36287	0.0226242	6390.21	144.574
14.5820	5097.24	100.02	0.0525499	3.38288	0.0481967	6429.99	309.904
31.4159	5105.95	100.01	0.0522875	3.45431	0.0846273	6582.84	557.088
67.6836	5114.56	100.00	0.0514939	3.45312	0.173929	6606.69	1149.10
145.820	5123.28	100.01	0.0502174	3.62984	0.241545	7026.19	1697.14
314.159	5131.89	100.01	0.0487662	3.91562	0.357239	7561.37	2701.21

