Filename	A50V50-9
Instrument name	4020-0324
Operator	AD
rundate	9/29/2026
Sample name	A50V50-9
Geometry name	Tension fixture (rectangle)
Procedure name	TMA IsoForce Temperature Ramp
	Flow Axial Test
	AutoTension AutoStrain Settings
	Standard Oscillatory Temperature Sweep
proceduresegments	TMA IsoForce Temperature Ramp#Flow Axial Test#Standard Oscillatory Temperature Sweep
[File Parameters]
Name	A50V50-9
Instrument type	RSAG2
Instrument serial number	4020-0324
Instrument name	4020-0324
Instrument location	Univ of Colorado
Company name	Univ of Colorado
Trios version	5.1.1.46572
File name	C:\ProgramData\TA Instruments\TRIOS\Data\Alex\A50V50-9.tri
Run date	9/29/2026 12:10:51 PM
Time at start of test	54.7757
[Geometry Parameters]
Geometry Type	Linear tension
Name	Tension fixture (rectangle)
Length	10.03 mm
Width	3.0 mm
Thickness	1.0 mm
Loading gap	10.03 mm
Notes	



[Geometry Extended Parameters]
Expansion coefficient	2.6 µm/°C
Move stage to maintain starting gap	Passive
Orientation Angle	0.0
Upper Compliance	0.0 µm/kg
Lower Compliance	0.0 µm/kg
Upper Geometry Mass	95.62 g
Stress constant (linear)	333333 Pa/N
Strain constant (linear)	99.7009 1/m
[Instrument Parameters]
GapZeroSetback	1000 [mm]
GapFast	0.0100000
GapSlow	1.00000e-5
Temperature limit	620.000 [°C]
[Firmware Versions]
Code Image Loader	V2018.5.29
Main Embedded Kernel	V2019.10.10
Power Board	V2017.1.11
Linear Encoder Board	V2017.1.11
Stepper / Rear Panel Board	V2017.1.11
Phase Fire Board	V2019.7.19
FCO PRT Board	V2011.9.7
[Calibration Date Information]
Phase angle correction calibration	8/7/2019 6:40 PM
Transducer static normal calibration	5/3/2024 1:39 PM
Filter lag correction calibration	3/2/2018 1:31 PM
Motor torque/motor force constant calibration	3/2/2018 12:07 PM
Actuator deflection scale constant calibration	3/2/2018 12:58 PM
Magnet temperature scaling factor calibration	3/6/2018 8:43 AM
Programmable gain amplifier calibration	3/2/2018 1:15 PM
[Calibration Parameters]
SPFrtScaleLow	370.8792
SPFrtScaleMid	3708.792
Transducer full scale	3708.792
SPNrmScale	1.549643
SPXducerMass	555.4000
SPXducerNormDamping	-0.93000
SPXducerNormSpringConst	1.500000
[Temperature Control Information]
TempOffsetTbl01	FCO/Upper Tool PRT offset 
TempOffsetTbl02	FCO/Lower Tool PRT offset 
TempOffsetTbl03	FCO/Middle PRT offset 
Temperature option	FCO/LN2
[step]
Temperature Ramp IsoForce - 1
Step time	Temperature	Strain	Stress	Modulus	Delta length	Gap	Force
s	°C	%	kPa	kPa	mm	mm	N
0.500166	19.60	-4.09104e-3	-22.1704	541926	-4.11987e-4	10.0701	-0.0665112
1.50017	19.58	-3.55125e-3	-23.3136	656490	-3.57628e-4	10.0701	-0.0699407
2.50017	19.54	-3.19139e-3	-18.8000	589084	-3.21388e-4	10.0702	-0.0563999
3.50017	19.50	-0.0424729	175.115	-412299	-4.27723e-3	10.0662	0.525346
4.50017	19.43	-0.0683355	325.816	-476789	-6.88171e-3	10.0636	0.977448
5.50017	19.34	-0.0668866	272.043	-406723	-6.73580e-3	10.0637	0.816129
6.50017	19.25	-0.0645001	241.508	-374430	-6.49548e-3	10.0640	0.724523
7.50017	19.11	-0.0675305	246.068	-364380	-6.80065e-3	10.0637	0.738204
8.50017	18.93	-0.0700117	265.597	-379362	-7.05051e-3	10.0634	0.796792
9.50017	18.85	-0.0712049	264.241	-371099	-7.17068e-3	10.0633	0.792722
10.5002	18.76	-0.0725686	265.696	-366132	-7.30801e-3	10.0632	0.797089
11.5002	18.68	-0.0738849	264.446	-357916	-7.44057e-3	10.0630	0.793338
12.5002	18.60	-0.0750213	264.290	-352287	-7.55501e-3	10.0629	0.792871
13.5002	18.54	-0.0760914	265.106	-348405	-7.66277e-3	10.0628	0.795319
14.5002	18.46	-0.0771331	263.973	-342231	-7.76768e-3	10.0627	0.791920
15.5002	18.41	-0.0774646	263.257	-339842	-7.80106e-3	10.0627	0.789772
16.5002	18.33	-0.0784589	265.209	-338023	-7.90119e-3	10.0626	0.795628
17.5002	18.26	-0.0775498	259.653	-334821	-7.80964e-3	10.0627	0.778959
18.5002	18.16	-0.0770289	253.178	-328679	-7.75719e-3	10.0627	0.759533
19.5002	18.06	-0.0798321	266.800	-334201	-8.03947e-3	10.0624	0.800399
20.5002	17.97	-0.0787335	262.604	-333535	-7.92885e-3	10.0626	0.787813
21.5002	17.88	-0.0790082	265.426	-335947	-7.95651e-3	10.0625	0.796277
22.5002	17.82	-0.0800688	263.796	-329461	-8.06332e-3	10.0624	0.791387
23.5002	17.80	-0.0811957	264.600	-325879	-8.17680e-3	10.0623	0.793799
24.5002	17.72	-0.0823037	267.400	-324895	-8.28838e-3	10.0622	0.802201
25.5002	17.65	-0.0809874	262.234	-323796	-8.15582e-3	10.0623	0.786701
26.5002	17.61	-0.0826162	265.813	-321744	-8.31985e-3	10.0622	0.797439
27.5002	17.57	-0.0833360	264.587	-317495	-8.39233e-3	10.0621	0.793761
28.5002	17.49	-0.0832981	264.694	-317767	-8.38852e-3	10.0621	0.794081
29.5002	17.40	-0.0833075	264.557	-317566	-8.38947e-3	10.0621	0.793670
30.5002	17.30	-0.0823700	261.812	-317849	-8.29506e-3	10.0622	0.785437
31.5002	17.20	-0.0839042	265.962	-316983	-8.44955e-3	10.0620	0.797886
32.5002	17.12	-0.0833075	263.199	-315937	-8.38947e-3	10.0621	0.789597
33.5002	17.05	-0.0839136	265.884	-316854	-8.45051e-3	10.0620	0.797651
34.5002	16.94	-0.0831087	262.301	-315612	-8.36945e-3	10.0621	0.786903
35.5002	16.90	-0.0840178	265.239	-315693	-8.46100e-3	10.0620	0.795716
36.5002	16.84	-0.0839704	261.837	-311820	-8.45623e-3	10.0620	0.785511
37.5002	16.75	-0.0848227	266.213	-313847	-8.54206e-3	10.0619	0.798640
38.5002	16.63	-0.0834970	260.422	-311894	-8.40855e-3	10.0621	0.781266
39.5002	16.49	-0.0848512	265.405	-312789	-8.54492e-3	10.0619	0.796215
40.5002	16.42	-0.0838663	264.876	-315832	-8.44574e-3	10.0620	0.794629
41.5002	16.29	-0.0821522	261.147	-317881	-8.27312e-3	10.0622	0.783440
42.5002	16.17	-0.0835538	265.530	-317795	-8.41427e-3	10.0621	0.796589
43.5002	16.11	-0.0832981	263.525	-316364	-8.38852e-3	10.0621	0.790576
44.5002	16.08	-0.0840557	267.351	-318064	-8.46481e-3	10.0620	0.802051
45.5002	16.01	-0.0839704	264.072	-314482	-8.45623e-3	10.0620	0.792215
46.5002	15.95	-0.0828340	256.216	-309312	-8.34179e-3	10.0621	0.768647
47.5002	15.86	-0.0834307	256.796	-307796	-8.40187e-3	10.0621	0.770389
48.5002	15.79	-0.0844818	265.755	-314571	-8.50773e-3	10.0620	0.797265
49.5002	15.72	-0.0836579	258.960	-309546	-8.42476e-3	10.0621	0.776879
50.5002	15.63	-0.0857224	266.664	-311079	-8.63266e-3	10.0619	0.799993
51.5002	15.54	-0.0844155	263.078	-311647	-8.50105e-3	10.0620	0.789235
52.5002	15.48	-0.0848606	263.693	-310737	-8.54588e-3	10.0619	0.791080
53.5002	15.41	-0.0852394	262.935	-308466	-8.58402e-3	10.0619	0.788805
54.5002	15.36	-0.0838000	252.202	-300957	-8.43906e-3	10.0620	0.756605
55.5002	15.28	-0.0847280	255.645	-301725	-8.53252e-3	10.0620	0.766936
56.5002	15.18	-0.0860349	266.961	-310294	-8.66413e-3	10.0618	0.800884
57.5002	15.08	-0.0846144	261.114	-308593	-8.52108e-3	10.0620	0.783343
58.5002	15.01	-0.0860917	266.330	-309356	-8.66985e-3	10.0618	0.798989
59.5002	14.92	-0.0847943	256.492	-302487	-8.53920e-3	10.0619	0.769477
60.5002	14.85	-0.0845576	255.750	-302457	-8.51536e-3	10.0620	0.767251
61.5002	14.74	-0.0864800	266.625	-308308	-8.70895e-3	10.0618	0.799875
62.5002	14.66	-0.0857887	264.482	-308295	-8.63934e-3	10.0618	0.793446
63.5002	14.60	-0.0852205	261.215	-306516	-8.58211e-3	10.0619	0.783644
64.5002	14.52	-0.0869914	264.902	-304515	-8.76045e-3	10.0617	0.794707
65.5002	14.46	-0.0858360	262.588	-305918	-8.64410e-3	10.0618	0.787764
66.5002	14.39	-0.0876259	265.252	-302710	-8.82435e-3	10.0617	0.795756
67.5002	14.30	-0.0866978	261.879	-302059	-8.73089e-3	10.0618	0.785637
68.5002	14.21	-0.0875596	266.596	-304474	-8.81767e-3	10.0617	0.799788
69.5002	14.10	-0.0858266	258.641	-301353	-8.64315e-3	10.0618	0.775923
70.5002	14.04	-0.0876827	269.180	-306994	-8.83007e-3	10.0617	0.807541
71.5002	13.96	-0.0869061	266.514	-306669	-8.75187e-3	10.0617	0.799542
72.5002	13.86	-0.0869630	264.626	-304298	-8.75759e-3	10.0617	0.793879
73.5002	13.81	-0.0867167	264.680	-305224	-8.73280e-3	10.0618	0.794041
74.5002	13.74	-0.0879194	266.626	-303261	-8.85391e-3	10.0616	0.799877
75.5002	13.66	-0.0875217	264.689	-302426	-8.81386e-3	10.0617	0.794066
76.5002	13.56	-0.0877206	264.574	-301610	-8.83388e-3	10.0617	0.793722
77.5002	13.44	-0.0874744	265.172	-303142	-8.80909e-3	10.0617	0.795515
78.5002	13.34	-0.0866883	263.865	-304384	-8.72993e-3	10.0618	0.791595
79.5002	13.22	-0.0856656	263.476	-307563	-8.62694e-3	10.0619	0.790427
80.5002	13.16	-0.0865936	266.480	-307737	-8.72040e-3	10.0618	0.799441
81.5002	13.10	-0.0865558	266.612	-308024	-8.71658e-3	10.0618	0.799837
82.5002	13.05	-0.0868399	264.949	-305101	-8.74519e-3	10.0617	0.794848
83.5002	12.96	-0.0871240	264.083	-303112	-8.77380e-3	10.0617	0.792249
84.5002	12.88	-0.0871808	265.526	-304569	-8.77953e-3	10.0617	0.796577
85.5002	12.79	-0.0862622	261.630	-303296	-8.68702e-3	10.0618	0.784889
86.5002	12.71	-0.0872944	264.252	-302714	-8.79097e-3	10.0617	0.792757
87.5002	12.63	-0.0878815	266.438	-303178	-8.85010e-3	10.0616	0.799312
88.5002	12.56	-0.0872376	263.623	-302190	-8.78525e-3	10.0617	0.790869
89.5002	12.50	-0.0879763	267.550	-304116	-8.85963e-3	10.0616	0.802648
90.5002	12.41	-0.0883172	263.354	-298191	-8.89397e-3	10.0616	0.790061
91.5002	12.30	-0.0864137	257.503	-297988	-8.70228e-3	10.0618	0.772507
92.5002	12.22	-0.0880520	268.260	-304661	-8.86726e-3	10.0616	0.804781
93.5002	12.14	-0.0872565	261.981	-300243	-8.78715e-3	10.0617	0.785944
94.5002	12.09	-0.0879857	262.973	-298881	-8.86059e-3	10.0616	0.788918
95.5002	12.00	-0.0883077	265.890	-301095	-8.89301e-3	10.0616	0.797671
96.5002	11.94	-0.0874649	259.767	-296995	-8.80814e-3	10.0617	0.779300
97.5002	11.82	-0.0881372	262.381	-297696	-8.87585e-3	10.0616	0.787143
98.5002	11.72	-0.0876259	261.874	-298854	-8.82435e-3	10.0617	0.785621
99.5002	11.64	-0.0862622	251.812	-291914	-8.68702e-3	10.0618	0.755435
100.500	11.55	-0.0891221	265.132	-297493	-8.97503e-3	10.0615	0.795396
101.500	11.45	-0.0871713	258.915	-297019	-8.77857e-3	10.0617	0.776745
102.500	11.38	-0.0849174	242.617	-285709	-8.55160e-3	10.0619	0.727850
103.500	11.30	-0.0862527	246.801	-286137	-8.68607e-3	10.0618	0.740402
104.500	11.20	-0.0891411	272.836	-306072	-8.97694e-3	10.0615	0.818509
105.500	11.11	-0.0869819	259.472	-298305	-8.75950e-3	10.0617	0.778415
106.500	11.05	-0.0867073	255.062	-294165	-8.73184e-3	10.0618	0.765187
107.500	10.95	-0.0884213	267.101	-302078	-8.90446e-3	10.0616	0.801304
108.500	10.88	-0.0879573	262.677	-298642	-8.85773e-3	10.0616	0.788032
109.500	10.80	-0.0889706	266.351	-299370	-8.95977e-3	10.0615	0.799053
110.500	10.69	-0.0888664	264.007	-297082	-8.94928e-3	10.0615	0.792020
111.500	10.63	-0.0889138	266.594	-299834	-8.95405e-3	10.0615	0.799781
112.500	10.54	-0.0873418	255.351	-292358	-8.79574e-3	10.0617	0.766052
113.500	10.46	-0.0871524	257.511	-295472	-8.77666e-3	10.0617	0.772532
114.500	10.33	-0.0891316	271.097	-304154	-8.97598e-3	10.0615	0.813291
115.500	10.28	-0.0876543	264.027	-301214	-8.82721e-3	10.0617	0.792081
116.500	10.19	-0.0877774	263.167	-299812	-8.83961e-3	10.0616	0.789501
117.500	10.13	-0.0889043	265.752	-298919	-8.95309e-3	10.0615	0.797257
118.500	10.07	-0.0885255	266.022	-300503	-8.91495e-3	10.0616	0.798065
119.500	10.01	-0.0892263	264.773	-296743	-8.98552e-3	10.0615	0.794319
120.500	9.94	-0.0893683	265.510	-297097	-8.99982e-3	10.0615	0.796531
121.500	9.86	-0.0887433	263.380	-296789	-8.93688e-3	10.0615	0.790141
122.500	9.79	-0.0897850	266.277	-296572	-9.04179e-3	10.0614	0.798831
123.500	9.69	-0.0888001	262.314	-295398	-8.94260e-3	10.0615	0.786941
124.500	9.59	-0.0898892	266.338	-296296	-9.05228e-3	10.0614	0.799014
125.500	9.48	-0.0892547	264.289	-296106	-8.98838e-3	10.0615	0.792866
126.500	9.38	-0.0895861	267.128	-298179	-9.02176e-3	10.0615	0.801383
127.500	9.33	-0.0881751	260.376	-295294	-8.87966e-3	10.0616	0.781128
128.500	9.23	-0.0902775	265.261	-293829	-9.09138e-3	10.0614	0.795783
129.500	9.10	-0.0887244	264.556	-298177	-8.93498e-3	10.0615	0.793666
130.500	8.99	-0.0902301	267.329	-296275	-9.08661e-3	10.0614	0.801988
131.500	8.90	-0.0873891	255.787	-292699	-8.80051e-3	10.0617	0.767361
132.500	8.83	-0.0873702	252.614	-289131	-8.79860e-3	10.0617	0.757843
133.500	8.76	-0.0908741	275.783	-303478	-9.15146e-3	10.0613	0.827348
134.500	8.65	-0.0884213	260.692	-294830	-8.90446e-3	10.0616	0.782077
135.500	8.58	-0.0872660	249.228	-285596	-8.78811e-3	10.0617	0.747684
136.500	8.51	-0.0907794	264.958	-291871	-9.14192e-3	10.0613	0.794875
137.500	8.44	-0.0895388	266.758	-297924	-9.01699e-3	10.0615	0.800274
138.500	8.39	-0.0892642	257.396	-288354	-8.98933e-3	10.0615	0.772189
139.500	8.32	-0.0916411	266.273	-290561	-9.22871e-3	10.0613	0.798820
140.500	8.23	-0.0906563	264.072	-291290	-9.12952e-3	10.0614	0.792217
141.500	8.14	-0.0905616	263.072	-290490	-9.11999e-3	10.0614	0.789215
142.500	8.06	-0.0901638	264.823	-293714	-9.07993e-3	10.0614	0.794470
143.500	7.95	-0.0908457	263.329	-289864	-9.14860e-3	10.0613	0.789986
144.500	7.87	-0.0902396	262.481	-290872	-9.08756e-3	10.0614	0.787444
145.500	7.75	-0.0906184	264.423	-291798	-9.12571e-3	10.0614	0.793268
146.500	7.68	-0.0900786	261.593	-290406	-9.07135e-3	10.0614	0.784780
147.500	7.63	-0.0911014	265.412	-291337	-9.17435e-3	10.0613	0.796236
148.500	7.56	-0.0917453	264.462	-288256	-9.23920e-3	10.0612	0.793385
149.500	7.44	-0.0906752	257.362	-283828	-9.13143e-3	10.0614	0.772086
150.500	7.38	-0.0924082	263.163	-284783	-9.30595e-3	10.0612	0.789490
151.500	7.32	-0.0923893	267.744	-289800	-9.30405e-3	10.0612	0.803231
152.500	7.24	-0.0911676	254.647	-279317	-9.18102e-3	10.0613	0.763940
153.500	7.14	-0.0907036	249.982	-275604	-9.13429e-3	10.0613	0.749947
154.500	7.06	-0.0933363	270.013	-289291	-9.39941e-3	10.0611	0.810040
155.500	6.96	-0.0923419	262.226	-283973	-9.29928e-3	10.0612	0.786677
156.500	6.89	-0.0909309	252.383	-277554	-9.15718e-3	10.0613	0.757148
157.500	6.81	-0.0942833	271.133	-287573	-9.49478e-3	10.0610	0.813400
158.500	6.74	-0.0925976	264.699	-285859	-9.32503e-3	10.0612	0.794096
159.500	6.61	-0.0913286	254.639	-278816	-9.19724e-3	10.0613	0.763916
160.500	6.48	-0.0939708	266.375	-283466	-9.46331e-3	10.0610	0.799125
161.500	6.38	-0.0916222	265.596	-289882	-9.22680e-3	10.0613	0.796789
162.500	6.29	-0.0929385	266.073	-286289	-9.35936e-3	10.0611	0.798219
163.500	6.23	-0.0911676	260.119	-285319	-9.18102e-3	10.0613	0.780357
164.500	6.15	-0.0914801	256.429	-280311	-9.21249e-3	10.0613	0.769287
165.500	6.09	-0.0934594	272.702	-291787	-9.41181e-3	10.0611	0.818106
166.500	6.03	-0.0921620	259.815	-281911	-9.28116e-3	10.0612	0.779445
167.500	5.97	-0.0920673	256.107	-278174	-9.27162e-3	10.0612	0.768321
168.500	5.89	-0.0947473	273.596	-288764	-9.54151e-3	10.0609	0.820789
169.500	5.83	-0.0929575	260.118	-279825	-9.36127e-3	10.0611	0.780355
170.500	5.73	-0.0930427	256.824	-276028	-9.36985e-3	10.0611	0.770471
171.500	5.67	-0.0949083	274.134	-288841	-9.55772e-3	10.0609	0.822403
172.500	5.59	-0.0930522	257.925	-277184	-9.37080e-3	10.0611	0.773776
173.500	5.51	-0.0930143	250.336	-269137	-9.36699e-3	10.0611	0.751007
174.500	5.39	-0.0960257	273.708	-285036	-9.67026e-3	10.0608	0.821124
175.500	5.31	-0.0945674	262.821	-277919	-9.52339e-3	10.0610	0.788463
176.500	5.18	-0.0935920	255.073	-272538	-9.42516e-3	10.0611	0.765220
177.500	5.08	-0.0950787	269.108	-283037	-9.57489e-3	10.0609	0.807325
178.500	4.96	-0.0936014	259.471	-277208	-9.42612e-3	10.0611	0.778413
179.500	4.86	-0.0952966	268.072	-281303	-9.59682e-3	10.0609	0.804217
180.500	4.79	-0.0938666	261.069	-278128	-9.45282e-3	10.0610	0.783207
181.500	4.76	-0.0933647	251.640	-269524	-9.40228e-3	10.0611	0.754921
182.500	4.72	-0.0965655	268.884	-278448	-9.72462e-3	10.0608	0.806653
183.500	4.64	-0.0953723	263.957	-276765	-9.60445e-3	10.0609	0.791872
184.500	4.55	-0.0941317	250.894	-266534	-9.47952e-3	10.0610	0.752681
185.500	4.49	-0.0968402	261.306	-269832	-9.75227e-3	10.0607	0.783918
186.500	4.44	-0.0969254	270.854	-279445	-9.76086e-3	10.0607	0.812561
187.500	4.36	-0.0953818	254.831	-267170	-9.60541e-3	10.0609	0.764494
188.500	4.26	-0.0950882	246.642	-259383	-9.57584e-3	10.0609	0.739927
189.500	4.15	-0.0979671	267.977	-273538	-9.86576e-3	10.0606	0.803930
190.500	4.06	-0.0959879	261.805	-272748	-9.66644e-3	10.0608	0.785415
191.500	3.96	-0.0944158	242.851	-257215	-9.50813e-3	10.0610	0.728554
192.500	3.86	-0.0928912	233.068	-250905	-9.35459e-3	10.0611	0.699205
193.500	3.74	-0.0986395	271.787	-275536	-9.93347e-3	10.0606	0.815362
194.500	3.63	-0.0959310	269.492	-280923	-9.66072e-3	10.0608	0.808477
195.500	3.52	-0.0934688	243.001	-259980	-9.41277e-3	10.0611	0.729002
196.500	3.46	-0.0941602	243.284	-258372	-9.48238e-3	10.0610	0.729851
197.500	3.41	-0.0990372	284.746	-287514	-9.97353e-3	10.0605	0.854237
198.500	3.33	-0.0973042	272.900	-280461	-9.79900e-3	10.0607	0.818701
199.500	3.26	-0.0966224	258.095	-267117	-9.73034e-3	10.0608	0.774284
200.500	3.19	-0.0984122	264.925	-269200	-9.91058e-3	10.0606	0.794776
201.500	3.10	-0.0979008	264.878	-270557	-9.85909e-3	10.0606	0.794633
202.500	3.02	-0.0983080	264.176	-268723	-9.90009e-3	10.0606	0.792528
203.500	2.93	-0.0975883	262.919	-269416	-9.82761e-3	10.0607	0.788756
204.500	2.88	-0.0966318	247.576	-256205	-9.73129e-3	10.0608	0.742727
205.500	2.81	-0.100874	274.726	-272345	-0.0101585	10.0603	0.824179
206.500	2.74	-0.0987058	268.231	-271748	-9.94015e-3	10.0605	0.804693
207.500	2.64	-0.0971905	245.856	-252963	-9.78756e-3	10.0607	0.737568
208.500	2.53	-0.0958837	233.682	-243714	-9.65595e-3	10.0608	0.701045
209.500	2.44	-0.101623	282.951	-278433	-0.0102339	10.0602	0.848853
210.500	2.37	-0.0993876	280.154	-281880	-0.0100088	10.0605	0.840461
211.500	2.32	-0.0979766	254.609	-259868	-9.86671e-3	10.0606	0.763828
212.500	2.26	-0.0969443	234.595	-241990	-9.76276e-3	10.0607	0.703786
213.500	2.16	-0.0950314	214.176	-225374	-9.57012e-3	10.0609	0.642527
214.500	2.08	-0.0927681	193.516	-208602	-9.34219e-3	10.0611	0.580549
215.500	2.00	-0.0913855	183.657	-200969	-9.20296e-3	10.0613	0.550970
216.500	1.90	-0.107806	307.819	-285529	-0.0108566	10.0596	0.923457
217.500	1.82	-0.105600	337.960	-320038	-0.0106344	10.0598	1.01388
218.500	1.73	-0.103337	305.422	-295560	-0.0104065	10.0601	0.916265
219.500	1.61	-0.100903	271.117	-268691	-0.0101614	10.0603	0.813352
220.500	1.48	-0.0984785	244.853	-248636	-9.91726e-3	10.0606	0.734560
221.500	1.42	-0.100874	255.993	-253774	-0.0101585	10.0603	0.767978
222.500	1.37	-0.102768	286.486	-278769	-0.0103493	10.0601	0.859458
223.500	1.30	-0.101187	266.196	-263074	-0.0101900	10.0603	0.798588
224.500	1.17	-0.100420	250.122	-249076	-0.0101128	10.0604	0.750365
225.500	1.11	-0.103299	267.742	-259192	-0.0104027	10.0601	0.803227
226.500	1.03	-0.102257	273.985	-267938	-0.0102978	10.0602	0.821955
227.500	0.94	-0.0997664	251.412	-252000	-0.0100470	10.0604	0.754235
228.500	0.89	-0.102778	262.049	-254967	-0.0103502	10.0601	0.786148
229.500	0.82	-0.102948	270.115	-262379	-0.0103674	10.0601	0.810346
230.500	0.72	-0.100325	245.147	-244353	-0.0101032	10.0604	0.735442
231.500	0.61	-0.0989899	230.730	-233085	-9.96876e-3	10.0605	0.692191
232.500	0.53	-0.104672	268.145	-256177	-0.0105410	10.0599	0.804434
233.500	0.44	-0.102873	278.897	-271110	-0.0103598	10.0601	0.836692
234.500	0.37	-0.100732	249.964	-248146	-0.0101442	10.0603	0.749891
235.500	0.30	-0.103232	256.076	-248058	-0.0103960	10.0601	0.768229
236.500	0.23	-0.104312	274.135	-262803	-0.0105047	10.0600	0.822405
237.500	0.16	-0.102162	252.759	-247410	-0.0102882	10.0602	0.758278
238.500	0.07	-0.101935	244.482	-239841	-0.0102654	10.0602	0.733446
239.500	0.01	-0.105875	274.329	-259107	-0.0106621	10.0598	0.822986
240.500	-0.10	-0.103668	269.144	-259621	-0.0104399	10.0600	0.807432
241.500	-0.16	-0.101916	244.926	-240321	-0.0102634	10.0602	0.734777
242.500	-0.21	-0.106386	273.222	-256821	-0.0107136	10.0598	0.819665
243.500	-0.24	-0.105638	279.486	-264570	-0.0106382	10.0598	0.838458
244.500	-0.24	-0.105505	263.513	-249763	-0.0106249	10.0599	0.790540
245.500	-0.23	-0.106623	258.731	-242660	-0.0107374	10.0597	0.776193
246.500	-0.21	-0.108261	269.522	-248956	-0.0109024	10.0596	0.808567
247.500	-0.19	-0.109009	265.148	-243235	-0.0109777	10.0595	0.795444
248.500	-0.16	-0.109483	258.366	-235988	-0.0110254	10.0595	0.775098
249.500	-0.18	-0.111765	266.275	-238246	-0.0112553	10.0592	0.798825

[step]
Temperature Sweep - 2
Angular frequency	Step time	Temperature	Oscillation strain	Oscillation stress	Tan(delta)	Storage modulus	Loss modulus
rad/s	s	°C	%	kPa		kPa	kPa
3.14159	4.00367	0.00	9.84165e-4	11.4681	-4.11075e-3	1165250	-4790.03
6.76836	14.5595	-0.02	8.68260e-4	13.7304	0.130376	1568100	204443
14.5820	23.9990	-0.02	5.83923e-4	9.60890	0.0988415	1637590	161862
31.4159	32.7050	0.00	3.17010e-4	5.45826	0.100192	1713220	171651
67.6836	41.3160	-0.04	1.79248e-4	3.21668	0.100536	1785540	179512
145.820	50.0479	0.00	1.33326e-4	2.44752	0.127307	1821050	231832
314.159	58.6592	0.00	1.26993e-4	2.44590	0.179670	1895670	340595
3.14159	256.611	5.01	1.23223e-3	13.7805	0.101042	1112680	112427
6.76836	267.165	5.01	1.13245e-3	15.0208	0.125695	1316030	165419
14.5820	276.612	5.01	8.08661e-4	11.4291	0.126458	1402170	177316
31.4159	285.314	5.01	4.33940e-4	6.61069	0.0939691	1516730	142526
67.6836	293.925	5.01	2.61414e-4	3.98759	0.0985077	1518050	149540
145.820	302.645	5.01	1.78701e-4	2.92069	0.139528	1618720	225856
314.159	311.266	5.01	1.78967e-4	3.03495	0.218688	1656660	362291
3.14159	509.210	10.02	1.50508e-3	14.5486	0.136809	957710	131023
6.76836	519.774	10.01	1.41944e-3	15.7295	0.156146	1094880	170961
14.5820	529.211	10.01	1.06758e-3	12.7976	0.143055	1186680	169760
31.4159	537.915	10.01	6.09649e-4	7.78664	0.140339	1264840	177506
67.6836	546.546	10.01	3.47546e-4	4.67465	0.143754	1331360	191388
145.820	555.278	10.01	2.40019e-4	3.45577	0.150638	1423730	214467
314.159	563.891	10.01	2.07352e-4	3.15895	0.210786	1490710	314222
3.14159	761.833	15.01	1.58752e-3	12.6998	0.169600	788712	133766
6.76836	772.387	15.01	1.53784e-3	13.9677	0.180537	893813	161367
14.5820	781.846	15.01	1.23498e-3	12.2164	0.172066	974879	167744
31.4159	790.548	15.01	7.32857e-4	7.87015	0.165341	1059520	175181
67.6836	799.159	15.01	4.16142e-4	4.81680	0.167894	1141510	191653
145.820	807.901	15.01	2.89117e-4	3.58106	0.178755	1219290	217955
314.159	816.514	15.01	2.47237e-4	3.25839	0.224712	1285860	288947
3.14159	1016.46	20.01	1.62763e-3	10.1565	0.194263	612554	118997
6.76836	1027.01	20.02	1.60096e-3	11.7488	0.194448	720371	140075
14.5820	1036.46	20.01	1.36138e-3	10.9630	0.194477	790474	153729
31.4159	1045.17	20.01	8.58128e-4	7.57857	0.187303	868056	162589
67.6836	1053.78	20.01	4.97398e-4	4.72827	0.189106	934048	176634
145.820	1062.50	20.00	3.42686e-4	3.53028	0.202256	1009730	204225
314.159	1071.12	20.01	2.88707e-4	3.23545	0.255388	1085820	277305
3.14159	1269.06	25.02	1.68231e-3	8.27514	0.215348	480869	103554
6.76836	1279.61	25.01	1.66919e-3	9.75892	0.220378	570949	125824
14.5820	1289.06	25.00	1.49137e-3	9.65704	0.216898	632815	137256
31.4159	1297.76	25.02	1.00441e-3	7.19179	0.205783	701326	144321
67.6836	1306.38	25.01	5.94002e-4	4.65351	0.213841	766096	163823
145.820	1315.11	25.00	4.09266e-4	3.50029	0.222547	834837	185791
314.159	1323.72	25.01	3.43183e-4	3.21329	0.285335	900384	256911
3.14159	1521.68	30.02	1.74529e-3	6.21056	0.222037	347387	77132.7
6.76836	1532.25	30.01	1.74160e-3	7.88714	0.238902	440472	105230
14.5820	1541.69	30.00	1.61719e-3	8.23164	0.240772	494866	119150
31.4159	1550.40	30.03	1.17841e-3	6.69572	0.235014	553128	129993
67.6836	1559.02	30.01	7.14378e-4	4.52716	0.230514	617526	142348
145.820	1567.75	30.01	4.96029e-4	3.45237	0.253750	674622	171185
314.159	1576.36	30.00	4.12179e-4	3.19429	0.305035	741258	226110
3.14159	1774.32	35.01	1.82180e-3	4.88699	0.265304	259282	68788.4
6.76836	1784.87	35.01	1.82344e-3	6.14946	0.268489	325710	87449.6
14.5820	1794.31	35.02	1.74999e-3	6.70116	0.266673	369995	98667.8
31.4159	1803.02	34.99	1.37942e-3	6.00899	0.261343	421462	110146
67.6836	1811.63	35.02	8.81649e-4	4.32607	0.263879	474440	125195
145.820	1820.35	35.02	6.11159e-4	3.37334	0.277770	531823	147725
314.159	1828.96	34.98	5.04034e-4	3.14794	0.334163	592351	197942
3.14159	2026.91	40.03	1.92117e-3	3.28829	0.327540	162658	53277.0
6.76836	2037.46	40.00	1.95935e-3	4.64277	0.315133	225998	71219.3
14.5820	2046.90	40.02	1.92209e-3	5.27212	0.307967	262140	80730.6
31.4159	2055.61	40.01	1.63987e-3	5.18523	0.306745	302295	92727.4
67.6836	2064.22	40.00	1.12397e-3	4.08637	0.306690	347585	106601
145.820	2072.94	40.02	7.89202e-4	3.28634	0.320559	396538	127114
314.159	2081.56	40.02	6.59397e-4	3.13982	0.369231	446689	164932
3.14159	2279.51	45.04	2.09514e-3	2.08022	0.439149	90907.9	39922.1
6.76836	2290.06	45.00	2.31951e-3	3.57390	0.379623	144050	54684.6
14.5820	2299.50	45.00	2.30937e-3	4.26111	0.368146	173153	63745.4
31.4159	2308.20	45.01	2.10262e-3	4.56757	0.357137	204577	73061.8
67.6836	2316.82	45.01	1.56908e-3	4.00840	0.360852	240295	86711.1
145.820	2325.54	45.00	1.13212e-3	3.39230	0.374589	280602	105110
314.159	2334.17	45.02	9.28665e-4	3.26839	0.416763	324861	135390
3.14159	2532.10	50.01	2.34350e-3	1.39203	0.477387	53604.6	25590.2
6.76836	2542.66	50.03	2.59377e-3	2.55186	0.445725	89861.7	40053.6
14.5820	2552.11	50.01	2.86223e-3	3.45687	0.431446	110894	47844.9
31.4159	2560.82	49.99	2.72049e-3	3.99244	0.426840	134973	57611.8
67.6836	2569.43	50.01	2.20135e-3	3.90147	0.414590	163718	67876.0
145.820	2578.15	50.01	1.65690e-3	3.54011	0.425195	196622	83602.8
314.159	2586.76	50.00	1.36066e-3	3.50301	0.475592	232496	110573
3.14159	2784.71	55.01	2.83855e-3	1.26942	0.591137	38497.4	22757.3
6.76836	2795.27	55.01	3.13471e-3	1.95971	0.521524	55431.1	28908.6
14.5820	2804.71	55.01	3.46279e-3	2.74067	0.505720	70628.3	35718.2
31.4159	2813.43	55.00	3.71295e-3	3.63424	0.484708	88078.7	42692.5
67.6836	2822.03	55.02	3.21279e-3	3.91578	0.480183	109871	52758.1
145.820	2830.76	55.02	2.54255e-3	3.80168	0.489498	134296	65737.7
314.159	2839.37	55.00	2.10733e-3	3.91763	0.539438	163617	88261.3
3.14159	3039.34	60.01	3.78108e-3	1.13339	0.603232	25667.0	15483.2
6.76836	3049.89	60.01	4.16503e-3	1.61208	0.592455	33299.7	19728.6
14.5820	3059.33	60.02	4.59871e-3	2.29404	0.571262	43314.9	24744.1
31.4159	3068.03	60.00	4.99690e-3	3.20921	0.553103	56200.4	31084.6
67.6836	3076.64	60.01	4.72233e-3	3.85650	0.536985	71948.2	38635.1
145.820	3085.75	60.03	3.92891e-3	4.06231	0.531965	91283.0	48559.4
314.159	3094.40	59.99	3.32830e-3	4.36264	0.608116	111995	68105.7
3.14159	3292.33	65.05	5.21233e-3	0.880942	0.624824	14333.3	8955.76
6.76836	3302.88	65.00	5.74681e-3	1.33778	0.630500	19691.5	12415.5
14.5820	3312.33	65.02	6.34209e-3	1.95609	0.640651	25970.4	16638.0
31.4159	3321.03	65.00	6.93670e-3	2.81062	0.628967	34298.0	21572.3
67.6836	3329.66	65.03	7.19328e-3	3.83417	0.603044	45644.7	27525.8
145.820	3338.39	65.01	6.26912e-3	4.37748	0.602528	59808.6	36036.3
314.159	3347.00	65.03	5.44428e-3	4.92628	0.618682	76949.3	47607.2
3.14159	3544.94	70.02	7.62813e-3	0.835225	0.524465	9696.60	5085.53
6.76836	3555.50	70.03	8.40389e-3	1.20902	0.600155	12335.5	7403.18
14.5820	3564.93	69.98	9.26643e-3	1.77190	0.629651	16181.2	10188.5
31.4159	3573.63	70.03	0.0101640	2.62921	0.673799	21452.6	14454.7
67.6836	3582.25	70.01	0.0107669	3.83028	0.651754	29803.4	19424.5
145.820	3590.97	70.01	9.77072e-3	4.48685	0.671247	38128.1	25593.3
314.159	3599.58	69.99	8.69386e-3	5.34805	0.694113	50534.6	35076.7
3.14159	3797.56	75.03	0.0111747	0.903778	0.334296	7670.43	2564.19
6.76836	3808.11	74.99	0.0122966	1.19937	0.477860	8800.52	4205.42
14.5820	3817.55	75.03	0.0135389	1.66822	0.566392	10721.4	6072.51
31.4159	3826.27	74.98	0.0148589	2.46337	0.638390	13973.7	8920.69
67.6836	3834.87	75.01	0.0159393	3.50543	0.684551	18147.6	12422.9
145.820	3843.59	75.02	0.0148884	4.46528	0.721904	24317.3	17554.7
314.159	3852.21	75.00	0.0135819	5.57752	0.764144	32629.9	24933.9
3.14159	4050.15	80.02	0.0163499	1.10269	0.215284	6593.30	1419.43
6.76836	4060.70	80.00	0.0179924	1.35194	0.304897	7187.30	2191.39
14.5820	4070.15	79.99	0.0197933	1.73187	0.430592	8036.42	3460.42
31.4159	4078.85	80.01	0.0217087	2.43414	0.561512	9776.88	5489.84
67.6836	4087.47	80.00	0.0234308	3.49632	0.634468	12599.8	7994.19
145.820	4096.19	80.01	0.0223142	4.42126	0.731264	15993.6	11695.5
314.159	4104.80	80.00	0.0208004	5.69925	0.805334	21339.9	17185.8
3.14159	4302.75	85.02	0.0239435	1.46787	0.126866	6081.79	771.573
6.76836	4313.30	85.02	0.0263359	1.73358	0.179860	6478.63	1165.25
14.5820	4322.74	85.01	0.0289553	2.09363	0.270135	6980.37	1885.64
31.4159	4331.45	85.02	0.0317327	2.67914	0.382554	7885.52	3016.64
67.6836	4340.07	85.00	0.0343516	3.55858	0.505093	9246.71	4670.45
145.820	4348.79	85.02	0.0331053	4.48606	0.646879	11377.9	7360.10
314.159	4357.41	85.02	0.0313677	5.79520	0.786640	14520.7	11422.6
3.14159	4553.35	90.03	0.0350661	2.16776	0.0394125	6177.11	243.455
6.76836	4563.91	90.03	0.0385596	2.41775	0.102301	6237.60	638.112
14.5820	4573.36	90.02	0.0423830	2.79932	0.161231	6520.60	1051.32
31.4159	4582.06	90.03	0.0464238	3.31408	0.255545	6916.48	1767.47
67.6836	4590.67	89.98	0.0459795	3.72768	0.376699	7586.82	2857.95
145.820	4599.40	90.01	0.0446054	4.42919	0.510749	8843.06	4516.58
314.159	4608.02	90.00	0.0427905	5.54860	0.670938	10767.8	7224.56
3.14159	4805.96	95.00	0.0469305	2.87797	0.0416896	6127.09	255.436
6.76836	4816.52	95.03	0.0516218	3.17737	0.0544207	6146.00	334.469
14.5820	4825.95	95.01	0.0540973	3.42653	0.0919730	6307.39	580.110
31.4159	4834.65	94.98	0.0538468	3.56941	0.156028	6549.59	1021.92
67.6836	4843.27	95.00	0.0530371	3.96370	0.240849	7265.68	1749.93
145.820	4851.99	95.02	0.0516333	4.13915	0.367960	7523.30	2768.27
314.159	4860.60	95.02	0.0499108	4.86925	0.534350	8604.53	4597.83
3.14159	5058.27	100.02	0.0541756	3.34163	0.0135709	6167.58	83.6997
6.76836	5068.82	100.00	0.0541501	3.36465	0.0306641	6210.65	190.444
14.5820	5078.27	100.01	0.0540872	3.38862	0.0534895	6256.16	334.639
31.4159	5086.97	100.02	0.0538225	3.42922	0.0930988	6343.92	590.611
67.6836	5095.58	99.99	0.0530083	3.68640	0.118799	6905.82	820.406
145.820	5104.30	100.02	0.0517064	3.65032	0.244303	6858.02	1675.44
314.159	5112.91	100.00	0.0502098	3.96180	0.391385	7347.77	2875.81

