Filename	A25V75-4
Instrument name	4020-0324
Operator	AD
rundate	9/29/2026
Sample name	A25V75-4
Geometry name	Tension fixture (rectangle)
Procedure name	TMA IsoForce Temperature Ramp
	Flow Axial Test
	AutoTension AutoStrain Settings
	Standard Oscillatory Temperature Sweep
proceduresegments	TMA IsoForce Temperature Ramp#Flow Axial Test#Standard Oscillatory Temperature Sweep
[File Parameters]
Name	A25V75-4
Instrument type	RSAG2
Instrument serial number	4020-0324
Instrument name	4020-0324
Instrument location	Univ of Colorado
Company name	Univ of Colorado
Trios version	5.1.1.46572
File name	C:\ProgramData\TA Instruments\TRIOS\Data\Alex\A25V75-4.tri
Run date	9/29/2026 10:29:05 AM
Time at start of test	89.3610
[Geometry Parameters]
Geometry Type	Linear tension
Name	Tension fixture (rectangle)
Length	10.03 mm
Width	3.0 mm
Thickness	1.0 mm
Loading gap	10.03 mm
Notes	



[Geometry Extended Parameters]
Expansion coefficient	2.6 µm/°C
Move stage to maintain starting gap	Passive
Orientation Angle	0.0
Upper Compliance	0.0 µm/kg
Lower Compliance	0.0 µm/kg
Upper Geometry Mass	95.62 g
Stress constant (linear)	333333 Pa/N
Strain constant (linear)	99.7009 1/m
[Instrument Parameters]
GapZeroSetback	1000 [mm]
GapFast	0.0100000
GapSlow	1.00000e-5
Temperature limit	620.000 [°C]
[Firmware Versions]
Code Image Loader	V2018.5.29
Main Embedded Kernel	V2019.10.10
Power Board	V2017.1.11
Linear Encoder Board	V2017.1.11
Stepper / Rear Panel Board	V2017.1.11
Phase Fire Board	V2019.7.19
FCO PRT Board	V2011.9.7
[Calibration Date Information]
Phase angle correction calibration	8/7/2019 6:40 PM
Transducer static normal calibration	5/3/2024 1:39 PM
Filter lag correction calibration	3/2/2018 1:31 PM
Motor torque/motor force constant calibration	3/2/2018 12:07 PM
Actuator deflection scale constant calibration	3/2/2018 12:58 PM
Magnet temperature scaling factor calibration	3/6/2018 8:43 AM
Programmable gain amplifier calibration	3/2/2018 1:15 PM
[Calibration Parameters]
SPFrtScaleLow	370.8792
SPFrtScaleMid	3708.792
Transducer full scale	3708.792
SPNrmScale	1.549643
SPXducerMass	555.4000
SPXducerNormDamping	-0.93000
SPXducerNormSpringConst	1.500000
[Temperature Control Information]
TempOffsetTbl01	FCO/Upper Tool PRT offset 
TempOffsetTbl02	FCO/Lower Tool PRT offset 
TempOffsetTbl03	FCO/Middle PRT offset 
Temperature option	None
[step]
Temperature Ramp IsoForce - 1
Step time	Temperature	Strain	Stress	Modulus	Delta length	Gap	Force
s	°C	%	kPa	kPa	mm	mm	N
0.500168	19.60	9.99270e-3	-16.0723	-160841	1.00422e-3	10.0505	-0.0482170
1.50017	19.58	0.0137222	-69.2278	-504496	1.37901e-3	10.0509	-0.207684
2.50017	19.56	0.0146522	-77.2295	-527086	1.47247e-3	10.0510	-0.231689
3.50017	19.52	0.0156011	-79.3818	-508821	1.56784e-3	10.0511	-0.238146
4.50017	19.46	0.0166735	-83.9610	-503560	1.67561e-3	10.0512	-0.251883
5.50017	19.37	0.0187233	-93.2317	-497946	1.88160e-3	10.0514	-0.279695
6.50017	19.28	0.0207446	-103.524	-499041	2.08473e-3	10.0516	-0.310572
7.50017	19.14	0.0234871	-116.098	-494307	2.36034e-3	10.0519	-0.348295
8.50017	19.04	0.0268085	-132.102	-492762	2.69413e-3	10.0522	-0.396307
9.50017	18.94	0.0296934	-147.256	-495921	2.98405e-3	10.0525	-0.441767
10.5002	18.84	0.0317717	-157.808	-496696	3.19290e-3	10.0527	-0.473425
11.5002	18.74	0.0343529	-168.185	-489581	3.45230e-3	10.0530	-0.504556
12.5002	18.64	0.0370574	-178.665	-482131	3.72410e-3	10.0533	-0.535996
13.5002	18.57	0.0392306	-187.589	-478170	3.94249e-3	10.0535	-0.562767
14.5002	18.49	0.0411475	-194.055	-471608	4.13513e-3	10.0537	-0.582165
15.5002	18.42	0.0430834	-200.118	-464489	4.32968e-3	10.0539	-0.600354
16.5002	18.35	0.0446587	-206.229	-461789	4.48799e-3	10.0540	-0.618687
17.5002	18.27	0.0464903	-212.539	-457169	4.67205e-3	10.0542	-0.637617
18.5002	18.18	0.0484831	-218.912	-451522	4.87232e-3	10.0544	-0.656735
19.5002	18.12	0.0435010	-167.309	-384611	4.37164e-3	10.0539	-0.501928
20.5002	18.07	0.0243032	36.8052	151442	2.44236e-3	10.0520	0.110416
21.5002	18.00	0.0260493	72.5565	278535	2.61784e-3	10.0521	0.217670
22.5002	17.92	0.0293138	49.6788	169472	2.94590e-3	10.0525	0.149036
23.5002	17.85	0.0295890	28.8369	97458.0	2.97356e-3	10.0525	0.0865106
24.5002	17.79	0.0312592	13.5873	43466.5	3.14140e-3	10.0527	0.0407618
25.5002	17.69	0.0328820	-0.402310	-1223.50	3.30448e-3	10.0528	-1.20693e-3
26.5002	17.60	0.0348368	-16.7918	-48201.3	3.50094e-3	10.0530	-0.0503754
27.5002	17.54	0.0373042	-33.8579	-90761.7	3.74889e-3	10.0533	-0.101574
28.5002	17.43	0.0392970	-49.4030	-125717	3.94917e-3	10.0535	-0.148209
29.5002	17.35	0.0414607	-64.7333	-156132	4.16660e-3	10.0537	-0.194200
30.5002	17.25	0.0434535	-67.3427	-154976	4.36687e-3	10.0539	-0.202028
31.5002	17.18	0.0408913	-36.7648	-89908.6	4.10938e-3	10.0536	-0.110294
32.5002	17.10	0.0425520	-42.7665	-100504	4.27628e-3	10.0538	-0.128299
33.5002	17.03	0.0446018	-58.4794	-131114	4.48227e-3	10.0540	-0.175438
34.5002	16.95	0.0463384	-72.8801	-157278	4.65679e-3	10.0542	-0.218640
35.5002	16.87	0.0486729	-86.6728	-178072	4.89140e-3	10.0544	-0.260018
36.5002	16.79	0.0499920	-89.9716	-179972	5.02396e-3	10.0546	-0.269915
37.5002	16.71	0.0452186	-44.2583	-97876.2	4.54426e-3	10.0541	-0.132775
38.5002	16.63	0.0473538	-43.4390	-91732.8	4.75883e-3	10.0543	-0.130317
39.5002	16.56	0.0476385	-45.2113	-94904.9	4.78745e-3	10.0543	-0.135634
40.5002	16.47	0.0478947	-40.5282	-84619.3	4.81319e-3	10.0543	-0.121585
41.5002	16.40	0.0490809	-45.7519	-93217.2	4.93240e-3	10.0545	-0.137256
42.5002	16.33	0.0488342	-39.0900	-80046.3	4.90761e-3	10.0544	-0.117270
43.5002	16.23	0.0506088	-47.2215	-93306.8	5.08595e-3	10.0546	-0.141664
44.5002	16.15	0.0499540	-44.2251	-88531.7	5.02014e-3	10.0545	-0.132675
45.5002	16.09	0.0509789	-38.9425	-76389.5	5.12314e-3	10.0547	-0.116828
46.5002	16.01	0.0523834	-49.5402	-94572.3	5.26428e-3	10.0548	-0.148620
47.5002	15.94	0.0515388	-41.5684	-80654.5	5.17941e-3	10.0547	-0.124705
48.5002	15.87	0.0530761	-40.4988	-76303.3	5.33390e-3	10.0549	-0.121496
49.5002	15.80	0.0549836	-55.7595	-101411	5.52559e-3	10.0551	-0.167278
50.5002	15.70	0.0535221	-46.1906	-86301.8	5.37872e-3	10.0549	-0.138572
51.5002	15.60	0.0543952	-34.7951	-63967.2	5.46646e-3	10.0550	-0.104385
52.5002	15.50	0.0570239	-52.9282	-92817.7	5.73063e-3	10.0553	-0.158785
53.5002	15.41	0.0555150	-46.0241	-82904.0	5.57899e-3	10.0551	-0.138072
54.5002	15.34	0.0561128	-31.4236	-56000.7	5.63908e-3	10.0552	-0.0942707
55.5002	15.27	0.0577925	-44.6504	-77259.7	5.80788e-3	10.0553	-0.133951
56.5002	15.20	0.0582955	-50.0841	-85914.2	5.85842e-3	10.0554	-0.150252
57.5002	15.12	0.0569385	-41.4812	-72852.7	5.72205e-3	10.0552	-0.124444
58.5002	15.06	0.0582480	-40.0493	-68756.4	5.85365e-3	10.0554	-0.120148
59.5002	14.98	0.0598423	-55.5938	-92900.5	6.01387e-3	10.0555	-0.166781
60.5002	14.89	0.0601840	-56.6442	-94118.5	6.04820e-3	10.0556	-0.169933
61.5002	14.82	0.0580393	-31.2234	-53797.0	5.83267e-3	10.0554	-0.0936702
62.5002	14.71	0.0603643	-37.6452	-62363.3	6.06632e-3	10.0556	-0.112935
63.5002	14.63	0.0623951	-57.4870	-92133.9	6.27041e-3	10.0558	-0.172461
64.5002	14.51	0.0608577	-45.9632	-75525.7	6.11591e-3	10.0556	-0.137890
65.5002	14.44	0.0619965	-37.3143	-60187.7	6.23035e-3	10.0558	-0.111943
66.5002	14.37	0.0637046	-53.0159	-83221.5	6.40202e-3	10.0559	-0.159048
67.5002	14.30	0.0621388	-48.2513	-77650.8	6.24466e-3	10.0558	-0.144754
68.5002	14.22	0.0630878	-36.4102	-57713.5	6.34003e-3	10.0559	-0.109230
69.5002	14.14	0.0647960	-54.7075	-84430.4	6.51169e-3	10.0560	-0.164123
70.5002	14.07	0.0640463	-58.0753	-90677.1	6.43635e-3	10.0560	-0.174226
71.5002	13.99	0.0632396	-33.9785	-53729.8	6.35529e-3	10.0559	-0.101936
72.5002	13.90	0.0650047	-46.4878	-71514.5	6.53267e-3	10.0561	-0.139463
73.5002	13.78	0.0672823	-60.0244	-89212.7	6.76155e-3	10.0563	-0.180073
74.5002	13.70	0.0648339	-35.0890	-54121.4	6.51550e-3	10.0560	-0.105267
75.5002	13.61	0.0673677	-44.7510	-66428.1	6.77013e-3	10.0563	-0.134253
76.5002	13.53	0.0694839	-66.2979	-95414.8	6.98280e-3	10.0565	-0.198894
77.5002	13.46	0.0707176	-81.5998	-115388	7.10678e-3	10.0566	-0.244799
78.5002	13.38	0.0667983	-53.8810	-80662.2	6.71291e-3	10.0562	-0.161643
79.5002	13.32	0.0654792	-11.2981	-17254.5	6.58035e-3	10.0561	-0.0338942
80.5002	13.24	0.0673202	-26.6799	-39631.3	6.76537e-3	10.0563	-0.0800397
81.5002	13.14	0.0694080	-51.8621	-74720.6	6.97517e-3	10.0565	-0.155586
82.5002	13.03	0.0719322	-75.3427	-104741	7.22885e-3	10.0568	-0.226028
83.5002	12.97	0.0734221	-90.2589	-122931	7.37858e-3	10.0569	-0.270777
84.5002	12.89	0.0664282	-42.5128	-63998.2	6.67572e-3	10.0562	-0.127538
85.5002	12.80	0.0673772	8.10136	12023.9	6.77109e-3	10.0563	0.0243041
86.5002	12.71	0.0692941	-10.7084	-15453.6	6.96373e-3	10.0565	-0.0321253
87.5002	12.64	0.0711920	-36.4670	-51223.4	7.15446e-3	10.0567	-0.109401
88.5002	12.59	0.0729477	-56.9337	-78047.3	7.33089e-3	10.0569	-0.170801
89.5002	12.51	0.0739061	-74.7504	-101142	7.42722e-3	10.0570	-0.224251
90.5002	12.43	0.0761457	-93.1158	-122286	7.65228e-3	10.0572	-0.279347
91.5002	12.35	0.0782334	-114.134	-145888	7.86209e-3	10.0574	-0.342401
92.5002	12.23	0.0814884	-136.241	-167190	8.18920e-3	10.0577	-0.408722
93.5002	12.13	0.0827126	-145.474	-175879	8.31222e-3	10.0578	-0.436422
94.5002	12.06	0.0629265	31.3397	49803.7	6.32381e-3	10.0559	0.0940191
95.5002	11.99	0.0653179	94.5891	144813	6.56414e-3	10.0561	0.283767
96.5002	11.91	0.0676429	67.9914	100515	6.79779e-3	10.0563	0.203974
97.5002	11.83	0.0692941	36.4413	52589.4	6.96373e-3	10.0565	0.109324
98.5002	11.73	0.0707840	7.96223	11248.6	7.11346e-3	10.0566	0.0238867
99.5002	11.65	0.0735265	-18.2184	-24778.0	7.38907e-3	10.0569	-0.0546553
100.500	11.56	0.0754530	-41.5352	-55047.8	7.58266e-3	10.0571	-0.124606
101.500	11.48	0.0775787	-64.9168	-83678.6	7.79629e-3	10.0573	-0.194750
102.500	11.41	0.0795335	-83.7176	-105261	7.99274e-3	10.0575	-0.251153
103.500	11.32	0.0814979	-101.332	-124336	8.19016e-3	10.0577	-0.303995
104.500	11.25	0.0834243	-123.770	-148361	8.38375e-3	10.0579	-0.371309
105.500	11.17	0.0857398	-143.539	-167412	8.61645e-3	10.0581	-0.430616
106.500	11.07	0.0874954	-163.139	-186454	8.79288e-3	10.0583	-0.489416
107.500	10.95	0.0901051	-187.914	-208550	9.05514e-3	10.0586	-0.563742
108.500	10.89	0.0930090	-212.799	-228794	9.34696e-3	10.0589	-0.638396
109.500	10.79	0.0945178	-231.593	-245026	9.49860e-3	10.0590	-0.694779
110.500	10.71	0.0963494	-248.809	-258236	9.68266e-3	10.0592	-0.746426
111.500	10.64	0.0982378	-264.095	-268832	9.87244e-3	10.0594	-0.792286
112.500	10.57	0.0669406	-53.4506	-79847.7	6.72722e-3	10.0563	-0.160352
113.500	10.49	0.0638565	193.116	302421	6.41727e-3	10.0559	0.579347
114.500	10.40	0.0656975	181.549	276341	6.60229e-3	10.0561	0.544647
115.500	10.31	0.0680320	139.961	205728	6.83689e-3	10.0564	0.419882
116.500	10.25	0.0701956	102.739	146361	7.05433e-3	10.0566	0.308217
117.500	10.16	0.0719892	73.2749	101786	7.23457e-3	10.0568	0.219825
118.500	10.08	0.0741149	44.9707	60677.0	7.44820e-3	10.0570	0.134912
119.500	9.99	0.0758895	15.6690	20647.1	7.62653e-3	10.0572	0.0470070
120.500	9.90	0.0785371	-14.6242	-18620.7	7.89261e-3	10.0574	-0.0438726
121.500	9.82	0.0809950	-41.8564	-51677.8	8.13961e-3	10.0577	-0.125569
122.500	9.72	0.0826652	-67.3833	-81513.6	8.30746e-3	10.0578	-0.202150
123.500	9.64	0.0850945	-96.1094	-112944	8.55160e-3	10.0581	-0.288328
124.500	9.56	0.0869925	-119.245	-137075	8.74233e-3	10.0583	-0.357735
125.500	9.47	0.0892700	-142.489	-159616	8.97121e-3	10.0585	-0.427466
126.500	9.41	0.0911110	-165.035	-181136	9.15623e-3	10.0587	-0.495105
127.500	9.35	0.0926863	-184.341	-198886	9.31454e-3	10.0588	-0.553022
128.500	9.27	0.0942806	-201.590	-213819	9.47475e-3	10.0590	-0.604769
129.500	9.17	0.0962829	-220.811	-229335	9.67598e-3	10.0592	-0.662432
130.500	9.07	0.0992532	-244.685	-246526	9.97448e-3	10.0595	-0.734056
131.500	8.97	0.101237	-266.663	-263405	0.0101738	10.0597	-0.799988
132.500	8.88	0.103533	-289.688	-279802	0.0104046	10.0599	-0.869063
133.500	8.79	0.105981	-311.955	-294348	0.0106506	10.0602	-0.935864
134.500	8.66	0.108904	-336.311	-308813	0.0109444	10.0605	-1.00893
135.500	8.56	0.111476	-360.616	-323492	0.0112028	10.0607	-1.08185
136.500	8.52	0.113127	-380.563	-336402	0.0113688	10.0609	-1.14169
137.500	8.45	0.114769	-394.232	-343500	0.0115337	10.0611	-1.18270
138.500	8.37	0.116800	-409.299	-350428	0.0117378	10.0613	-1.22790
139.500	8.32	0.0957230	-217.498	-227216	9.61971e-3	10.0591	-0.652495
140.500	8.27	0.0684400	193.459	282669	6.87790e-3	10.0564	0.580376
141.500	8.17	0.0705752	234.311	332002	7.09248e-3	10.0566	0.702934
142.500	8.08	0.0729572	183.949	252133	7.33185e-3	10.0569	0.551846
143.500	8.00	0.0748266	139.160	185976	7.51972e-3	10.0570	0.417480
144.500	7.90	0.0759939	102.279	134589	7.63702e-3	10.0572	0.306838
145.500	7.80	0.0792109	64.2123	81065.0	7.96032e-3	10.0575	0.192637
146.500	7.71	0.0818965	28.3773	34650.2	8.23021e-3	10.0578	0.0851320
147.500	7.64	0.0836806	-1.82279	-2178.28	8.40950e-3	10.0579	-5.46838e-3
148.500	7.56	0.0855975	-27.7863	-32461.5	8.60214e-3	10.0581	-0.0833588
149.500	7.47	0.0877232	-54.3914	-62003.4	8.81577e-3	10.0583	-0.163174
150.500	7.39	0.0897255	-78.6774	-87686.8	9.01699e-3	10.0585	-0.236032
151.500	7.32	0.0863946	-51.8767	-60046.3	8.68225e-3	10.0582	-0.155630
152.500	7.20	0.0878465	-52.0504	-59251.5	8.82816e-3	10.0584	-0.156151
153.500	7.12	0.0902569	-69.9452	-77495.7	9.07040e-3	10.0586	-0.209836
154.500	7.04	0.0881028	-53.2186	-60405.1	8.85391e-3	10.0584	-0.159656
155.500	6.96	0.0891372	-49.9715	-56061.4	8.95786e-3	10.0585	-0.149914
156.500	6.87	0.0888999	-52.5736	-59137.9	8.93402e-3	10.0585	-0.157721
157.500	6.81	0.0881312	-44.5752	-50578.2	8.85677e-3	10.0584	-0.133726
158.500	6.74	0.0894598	-56.0199	-62620.2	8.99029e-3	10.0585	-0.168060
159.500	6.65	0.0907030	-76.7192	-84582.9	9.11522e-3	10.0586	-0.230158
160.500	6.56	0.0914052	-84.5349	-92483.7	9.18579e-3	10.0587	-0.253605
161.500	6.47	0.0843164	-21.9337	-26013.6	8.47340e-3	10.0580	-0.0658012
162.500	6.39	0.0866129	-5.02033	-5796.28	8.70419e-3	10.0582	-0.0150610
163.500	6.31	0.0882641	-30.4855	-34539.0	8.87012e-3	10.0584	-0.0914565
164.500	6.25	0.0899058	-58.3826	-64937.6	9.03511e-3	10.0586	-0.175148
165.500	6.16	0.0915570	-84.0227	-91770.9	9.20105e-3	10.0587	-0.252068
166.500	6.09	0.0924301	-109.612	-118589	9.28879e-3	10.0588	-0.328836
167.500	5.98	0.0953624	-133.925	-140438	9.58347e-3	10.0591	-0.401776
168.500	5.88	0.0969472	-145.754	-150344	9.74274e-3	10.0593	-0.437263
169.500	5.80	0.0821242	-28.8290	-35104.1	8.25310e-3	10.0578	-0.0864870
170.500	5.70	0.0840222	41.4952	49386.0	8.44383e-3	10.0580	0.124486
171.500	5.59	0.0871538	13.5335	15528.3	8.75854e-3	10.0583	0.0406006
172.500	5.52	0.0895927	-23.1949	-25889.3	9.00364e-3	10.0585	-0.0695846
173.500	5.44	0.0909212	-54.4948	-59936.2	9.13715e-3	10.0587	-0.163484
174.500	5.35	0.0929900	-84.5797	-90955.7	9.34505e-3	10.0589	-0.253739
175.500	5.28	0.0952960	-114.351	-119996	9.57680e-3	10.0591	-0.343054
176.500	5.19	0.0969377	-140.130	-144556	9.74178e-3	10.0593	-0.420389
177.500	5.12	0.0986933	-165.540	-167731	9.91821e-3	10.0594	-0.496619
178.500	5.03	0.0979341	-162.995	-166433	9.84192e-3	10.0594	-0.488984
179.500	4.97	0.0808811	-3.26021	-4030.87	8.12817e-3	10.0577	-9.78063e-3
180.500	4.89	0.0827316	78.0813	94379.1	8.31413e-3	10.0578	0.234244
181.500	4.77	0.0849712	54.8818	64588.7	8.53920e-3	10.0581	0.164645
182.500	4.70	0.0873436	14.8158	16962.7	8.77762e-3	10.0583	0.0444474
183.500	4.66	0.0888904	-17.6606	-19867.9	8.93307e-3	10.0585	-0.0529819
184.500	4.58	0.0904183	-43.4792	-48086.8	9.08661e-3	10.0586	-0.130438
185.500	4.48	0.0920600	-70.9259	-77043.1	9.25159e-3	10.0588	-0.212778
186.500	4.38	0.0947171	-102.162	-107860	9.51862e-3	10.0590	-0.306485
187.500	4.28	0.0905132	-80.9111	-89391.5	9.09615e-3	10.0586	-0.242733
188.500	4.18	0.0907979	-50.9685	-56134.0	9.12476e-3	10.0587	-0.152905
189.500	4.12	0.0914052	-49.2311	-53860.3	9.18579e-3	10.0587	-0.147693
190.500	4.05	0.0904847	-44.3225	-48983.5	9.09328e-3	10.0586	-0.132968
191.500	3.96	0.0925914	-61.5460	-66470.6	9.30500e-3	10.0588	-0.184638
192.500	3.84	0.0934455	-76.9969	-82397.7	9.39083e-3	10.0589	-0.230991
193.500	3.77	0.0875998	-21.7985	-24884.1	8.80337e-3	10.0583	-0.0653954
194.500	3.67	0.0892510	-3.84100	-4303.60	8.96931e-3	10.0585	-0.0115230
195.500	3.61	0.0923921	-32.0354	-34673.3	9.28497e-3	10.0588	-0.0961062
196.500	3.52	0.0932842	-65.1887	-69881.9	9.37462e-3	10.0589	-0.195566
197.500	3.43	0.0914906	-77.6965	-84922.9	9.19437e-3	10.0587	-0.233090
198.500	3.34	0.0897445	-35.2355	-39262.1	9.01890e-3	10.0585	-0.105707
199.500	3.24	0.0920315	-43.8413	-47637.2	9.24873e-3	10.0588	-0.131524
200.500	3.14	0.0943280	-75.0368	-79548.8	9.47952e-3	10.0590	-0.225110
201.500	3.07	0.0876378	-22.9760	-26217.0	8.80718e-3	10.0583	-0.0689280
202.500	2.99	0.0886152	10.0452	11335.8	8.90541e-3	10.0584	0.0301357
203.500	2.95	0.0901431	-9.81484	-10888.1	9.05895e-3	10.0586	-0.0294445
204.500	2.89	0.0913103	-38.3885	-42041.8	9.17625e-3	10.0587	-0.115166
205.500	2.81	0.0929331	-67.1327	-72237.7	9.33933e-3	10.0589	-0.201398
206.500	2.74	0.0885868	-62.5070	-70560.2	8.90255e-3	10.0584	-0.187521
207.500	2.65	0.0900387	-33.6150	-37333.9	9.04846e-3	10.0586	-0.100845
208.500	2.55	0.0925155	-60.5793	-65480.2	9.29737e-3	10.0588	-0.181738
209.500	2.47	0.0949923	-93.5898	-98523.5	9.54628e-3	10.0591	-0.280769
210.500	2.39	0.0966435	-122.358	-126607	9.71222e-3	10.0592	-0.367074
211.500	2.31	0.0986079	-145.682	-147739	9.90963e-3	10.0594	-0.437046
212.500	2.24	0.0851135	-42.4736	-49902.3	8.55350e-3	10.0581	-0.127421
213.500	2.16	0.0840696	64.4532	76666.5	8.44860e-3	10.0580	0.193360
214.500	2.08	0.0858442	50.6561	59009.3	8.62694e-3	10.0582	0.151968
215.500	1.99	0.0873531	16.9518	19406.0	8.77857e-3	10.0583	0.0508553
216.500	1.91	0.0896591	-22.1523	-24707.2	9.01031e-3	10.0585	-0.0664568
217.500	1.79	0.0922498	-59.1799	-64151.8	9.27067e-3	10.0588	-0.177540
218.500	1.67	0.0950113	-95.9557	-100994	9.54819e-3	10.0591	-0.287867
219.500	1.58	0.0926484	-83.8798	-90535.7	9.31072e-3	10.0588	-0.251639
220.500	1.52	0.0916424	-61.0239	-66589.1	9.20963e-3	10.0587	-0.183072
221.500	1.44	0.0915570	-52.9703	-57855.0	9.20105e-3	10.0587	-0.158911
222.500	1.34	0.0903898	-36.6659	-40564.2	9.08375e-3	10.0586	-0.109998
223.500	1.26	0.0922403	-54.0896	-58639.9	9.26971e-3	10.0588	-0.162269
224.500	1.21	0.0912724	-56.8295	-62263.7	9.17244e-3	10.0587	-0.170489
225.500	1.14	0.0896306	-30.8419	-34410.0	9.00745e-3	10.0585	-0.0925256
226.500	1.03	0.0915191	-43.8611	-47925.6	9.19724e-3	10.0587	-0.131583
227.500	0.94	0.0930564	-78.7863	-84665.0	9.35173e-3	10.0589	-0.236359
228.500	0.84	0.0958274	-114.469	-119454	9.63020e-3	10.0592	-0.343408
229.500	0.77	0.0967195	-134.740	-139310	9.71985e-3	10.0592	-0.404220
230.500	0.70	0.0854836	-41.0714	-48045.9	8.59070e-3	10.0581	-0.123214
231.500	0.63	0.0850755	49.5021	58186.1	8.54969e-3	10.0581	0.148506
232.500	0.56	0.0866319	33.4849	38651.9	8.70609e-3	10.0582	0.100455
233.500	0.47	0.0880933	0.909089	1031.96	8.85296e-3	10.0584	2.72727e-3
234.500	0.38	0.0904278	-31.1950	-34497.2	9.08756e-3	10.0586	-0.0935850
235.500	0.30	0.0924491	-67.6365	-73160.8	9.29069e-3	10.0588	-0.202909
236.500	0.20	0.0944324	-102.553	-108600	9.49001e-3	10.0590	-0.307660
237.500	0.13	0.0965392	-135.574	-140434	9.70173e-3	10.0592	-0.406721
238.500	0.04	0.0985130	-164.589	-167073	9.90009e-3	10.0594	-0.493767
239.500	-0.06	0.100952	-193.028	-191208	0.0101452	10.0597	-0.579085
240.500	-0.14	0.102660	-221.380	-215643	0.0103168	10.0598	-0.664139
241.500	-0.20	0.0991583	-190.444	-192060	9.96494e-3	10.0595	-0.571331
242.500	-0.25	0.0759464	102.690	135214	7.63226e-3	10.0572	0.308070
243.500	-0.25	0.0773699	197.624	255428	7.77531e-3	10.0573	0.592873
244.500	-0.25	0.0772085	183.278	237380	7.75909e-3	10.0573	0.549833
245.500	-0.23	0.0769334	157.308	204473	7.73144e-3	10.0573	0.471925
246.500	-0.20	0.0762691	135.835	178100	7.66468e-3	10.0572	0.407505
247.500	-0.18	0.0753675	122.075	161973	7.57408e-3	10.0571	0.366226
248.500	-0.18	0.0751208	106.481	141747	7.54929e-3	10.0571	0.319444
249.500	-0.14	0.0745989	88.6163	118790	7.49683e-3	10.0570	0.265849

[step]
Temperature Sweep - 2
Angular frequency	Step time	Temperature	Oscillation strain	Oscillation stress	Tan(delta)	Storage modulus	Loss modulus
rad/s	s	°C	%	kPa		kPa	kPa
3.14159	4.00369	-0.03	4.65335e-4	4.87895	-0.770676	830470	-640024
6.76836	14.5597	0.01	4.07013e-4	8.06678	0.110036	1970050	216777
14.5820	23.9990	-0.01	2.55944e-4	5.13083	0.0716193	1999550	143206
31.4159	32.7030	0.00	1.27983e-4	2.76536	-0.0312169	2159670	-67418.2
67.6836	41.3120	0.00	8.36515e-5	1.81873	0.0491140	2171560	106654
145.820	50.0318	-0.01	6.80556e-5	1.45990	0.0880662	2136880	188187
314.159	58.6532	-0.01	6.63365e-5	1.45629	0.133840	2175900	291222
3.14159	256.605	5.01	6.98492e-4	9.48484	-0.0479618	1356340	-65052.7
6.76836	267.159	5.01	6.04380e-4	10.8482	0.0556260	1792160	99690.4
14.5820	276.594	5.01	3.95423e-4	7.32105	0.0814251	1845340	150257
31.4159	285.296	5.01	2.23169e-4	3.93630	0.0295708	1763050	52134.9
67.6836	293.907	5.01	1.30562e-4	2.45414	0.154570	1857620	287132
145.820	302.637	5.00	9.51990e-5	1.91953	0.0876213	2008640	176000
314.159	311.246	5.01	9.24788e-5	1.91467	0.151291	2047090	309706
3.14159	511.200	10.02	9.42693e-4	14.1467	0.0342353	1499790	51345.7
6.76836	521.766	10.02	8.20862e-4	13.6102	0.0759117	1653280	125503
14.5820	531.201	10.00	5.49936e-4	9.51793	0.0820242	1724940	141487
31.4159	539.915	10.01	2.96339e-4	5.24678	0.0271383	1769880	48031.6
67.6836	548.536	10.01	1.53724e-4	3.05577	0.0390562	1986320	77578.0
145.820	557.256	10.00	1.36068e-4	2.54668	0.101214	1862110	188472
314.159	565.867	10.01	1.26719e-4	2.49765	0.147976	1949780	288521
3.14159	763.819	15.02	1.24921e-3	16.3141	0.0424034	1304780	55327.1
6.76836	780.881	15.01	1.11541e-3	16.6758	0.0868367	1489440	129338
14.5820	790.295	15.01	7.68867e-4	12.1388	0.0895958	1572500	140889
31.4159	798.997	15.00	4.12034e-4	6.93740	0.0791754	1678450	132892
67.6836	807.608	15.01	2.30159e-4	4.01770	0.0545400	1743030	95064.7
145.820	816.328	15.00	1.72937e-4	3.01037	0.109160	1730450	188896
314.159	824.940	15.00	1.65918e-4	3.01901	0.165190	1795250	296557
3.14159	1024.89	20.02	1.51878e-3	18.4851	0.0929706	1211880	112669
6.76836	1035.46	20.01	1.39316e-3	18.7074	0.109491	1334830	146152
14.5820	1044.89	20.01	9.93500e-4	14.0717	0.103615	1408830	145976
31.4159	1053.60	20.01	5.49814e-4	8.23013	0.0957972	1490070	142745
67.6836	1062.21	20.00	3.18496e-4	4.91244	0.103832	1534140	159293
145.820	1070.94	20.02	2.25499e-4	3.61476	0.111061	1593210	176943
314.159	1079.55	20.00	1.97856e-4	3.28185	0.183611	1631440	299550
3.14159	1277.49	25.01	1.55478e-3	15.9831	0.124097	1020170	126600
6.76836	1288.05	25.01	1.45613e-3	16.8941	0.119921	1151950	138143
14.5820	1297.48	25.02	1.08729e-3	13.5256	0.124528	1234450	153724
31.4159	1306.19	25.01	6.27034e-4	8.06106	0.0985487	1279390	126082
67.6836	1314.80	25.00	3.32766e-4	4.77521	0.0881728	1429460	126039
145.820	1323.52	25.01	2.53801e-4	3.62141	0.135795	1413890	191999
314.159	1332.13	25.01	2.18825e-4	3.30581	0.192932	1483350	286186
3.14159	1530.07	30.01	1.58344e-3	13.0501	0.110434	819177	90464.7
6.76836	1540.63	30.01	1.50980e-3	14.9500	0.145993	979812	143046
14.5820	1550.08	30.02	1.18153e-3	12.5844	0.137369	1055190	144950
31.4159	1558.79	30.01	7.28647e-4	7.80379	0.124501	1062790	132319
67.6836	1567.40	30.00	4.11472e-4	4.87634	0.138389	1173910	162457
145.820	1576.13	30.00	2.81500e-4	3.58650	0.152621	1259480	192223
314.159	1584.74	30.01	2.43735e-4	3.26356	0.205924	1311460	270061
3.14159	1782.67	35.02	1.63159e-3	11.1268	0.155671	673846	104898
6.76836	1793.24	35.00	1.57393e-3	12.8356	0.166712	804411	134105
14.5820	1802.69	35.02	1.29730e-3	11.5630	0.156946	880532	138196
31.4159	1811.39	35.01	8.02535e-4	7.70061	0.155710	948111	147630
67.6836	1820.00	35.01	4.56997e-4	4.70514	0.143874	1019090	146620
145.820	1828.73	35.01	3.28992e-4	3.57499	0.181458	1069190	194013
314.159	1837.34	35.00	2.80341e-4	3.25794	0.218307	1135390	247865
3.14159	2035.32	39.99	1.67316e-3	7.48730	0.179914	440423	79238.4
6.76836	2051.44	40.02	1.63964e-3	10.4108	0.203646	622174	126704
14.5820	2066.90	40.00	1.44430e-3	10.0394	0.197395	681941	134612
31.4159	2075.59	40.01	9.67020e-4	7.34085	0.205397	743597	152733
67.6836	2084.20	40.02	5.28957e-4	4.46692	0.200378	828018	165916
145.820	2092.92	40.01	3.92040e-4	3.50121	0.211410	873762	184722
314.159	2101.54	39.99	3.33803e-4	3.22607	0.255864	936297	239565
3.14159	2299.48	45.00	1.73199e-3	4.96767	0.290543	275429	80024.0
6.76836	2315.62	45.01	1.72337e-3	7.63753	0.273790	427442	117029
14.5820	2328.06	45.01	1.60846e-3	8.11020	0.261518	487817	127573
31.4159	2336.75	45.01	1.16426e-3	6.65280	0.241675	555430	134234
67.6836	2345.36	45.02	7.27353e-4	4.58595	0.230857	614340	141825
145.820	2361.07	44.99	4.86849e-4	3.44613	0.207986	693013	144137
314.159	2369.69	45.01	4.08916e-4	3.16719	0.301472	741567	223562
3.14159	2567.63	50.03	1.80186e-3	2.87041	0.418553	146949	61506.1
6.76836	2582.82	50.02	2.01140e-3	5.97238	0.365316	278899	101886
14.5820	2593.98	50.00	1.95126e-3	6.84617	0.326503	333531	108899
31.4159	2605.24	50.04	1.57505e-3	6.42269	0.314094	389039	122195
67.6836	2618.12	50.00	1.01417e-3	4.67455	0.296771	441878	131136
145.820	2629.44	49.99	6.95761e-4	3.65543	0.309083	501957	155146
314.159	2640.56	50.01	5.73023e-4	3.43222	0.347152	565841	196433
3.14159	2838.47	55.03	1.98748e-3	2.02402	0.586401	87848.5	51514.4
6.76836	2849.04	55.00	2.21027e-3	4.15925	0.459922	170963	78629.8
14.5820	2858.48	55.03	2.20062e-3	5.09670	0.427617	212950	91061.2
31.4159	2867.18	55.02	1.93479e-3	5.41056	0.388222	260689	101205
67.6836	2875.81	55.00	1.35437e-3	4.47835	0.364344	310680	113195
145.820	2884.55	55.00	9.40154e-4	3.64678	0.363483	364556	132510
314.159	2893.16	55.01	7.65381e-4	3.45940	0.406057	418776	170047
3.14159	3091.12	60.01	2.18721e-3	1.62756	0.702783	60881.4	42786.4
6.76836	3101.67	60.02	2.42023e-3	2.77494	0.580929	99141.1	57593.9
14.5820	3111.10	60.00	2.68062e-3	3.95841	0.529969	130477	69148.7
31.4159	3119.81	60.01	2.52443e-3	4.65526	0.483759	166004	80306.1
67.6836	3128.43	60.02	1.93774e-3	4.51255	0.440424	213122	93864.1
145.820	3137.15	59.99	1.38242e-3	3.83213	0.444521	253304	112599
314.159	3145.76	60.03	1.11346e-3	3.70877	0.478378	300475	143741
3.14159	3343.71	65.03	2.63084e-3	1.24248	0.740834	37948.3	28113.4
6.76836	3354.27	64.99	2.91504e-3	1.96176	0.689845	55395.4	38214.3
14.5820	3363.70	65.03	3.23523e-3	2.87745	0.646230	74700.6	48273.8
31.4159	3372.40	65.00	3.47543e-3	4.07044	0.601880	100347	60396.6
67.6836	3381.01	65.03	2.91420e-3	4.44551	0.575410	132220	76080.8
145.820	3389.74	65.01	2.19421e-3	4.18618	0.543096	167654	91052.2
314.159	3398.37	65.01	1.76470e-3	4.21260	0.574887	206953	118975
3.14159	3596.31	70.01	3.49514e-3	0.886971	0.705820	20733.0	14633.8
6.76836	3606.86	70.04	3.86240e-3	1.40393	0.732494	29323.4	21479.2
14.5820	3616.30	69.99	4.28325e-3	2.21823	0.736955	41690.3	30723.9
31.4159	3626.41	70.00	4.68022e-3	3.34441	0.686796	58904.0	40455.1
67.6836	3635.06	70.04	4.23450e-3	4.06338	0.661433	80035.3	52938.0
145.820	3643.78	70.04	3.39498e-3	4.27838	0.654290	105454	68997.6
314.159	3652.40	69.99	2.75970e-3	4.54321	0.678206	136248	92404.0
3.14159	3850.34	75.04	4.64823e-3	0.754994	0.502990	14510.4	7298.60
6.76836	3860.89	75.00	5.12556e-3	1.08699	0.699176	17380.4	12151.9
14.5820	3870.33	75.02	5.66295e-3	1.69130	0.751173	23879.3	17937.5
31.4159	3879.05	75.00	6.22920e-3	2.57528	0.774581	32684.0	25316.4
67.6836	3887.66	75.02	6.48110e-3	3.82952	0.721385	47920.1	34568.8
145.820	3896.40	75.01	5.54838e-3	4.45389	0.737595	64601.5	47649.7
314.159	3905.01	75.02	4.65812e-3	5.08623	0.731687	88121.0	64476.9
3.14159	4102.93	80.03	6.80873e-3	0.761998	0.376151	10475.0	3940.16
6.76836	4113.49	79.99	7.49449e-3	1.03629	0.491281	12410.5	6097.06
14.5820	4122.93	80.02	8.26481e-3	1.49653	0.624511	15358.3	9591.41
31.4159	4131.63	80.02	9.08299e-3	2.26489	0.741448	20030.3	14851.5
67.6836	4140.25	79.97	9.67527e-3	3.33540	0.835180	26459.2	22098.2
145.820	4148.98	80.00	8.75433e-3	4.33835	0.825186	38223.2	31541.3
314.159	4157.59	80.04	7.62377e-3	5.23303	0.846335	52394.9	44343.6
3.14159	4355.53	85.02	9.96589e-3	0.953913	0.232779	9322.54	2170.09
6.76836	4366.09	85.04	0.0109674	1.15233	0.310055	10035.6	3111.59
14.5820	4375.52	85.00	0.0120697	1.53088	0.454983	11544.9	5252.75
31.4159	4384.22	85.02	0.0132416	2.10525	0.588868	13699.9	8067.42
67.6836	4392.84	85.00	0.0142481	2.89301	0.717209	16499.6	11833.7
145.820	4401.57	85.02	0.0146708	4.51299	0.825438	23723.7	19582.4
314.159	4410.18	84.99	0.0132669	5.89206	0.911592	32821.2	29919.6
3.14159	4608.13	90.03	0.0160493	1.43924	0.0810802	8938.31	724.720
6.76836	4618.68	89.98	0.0176529	1.68126	0.177941	9376.71	1668.50
14.5820	4628.11	90.03	0.0194111	2.02142	0.272422	10047.6	2737.18
31.4159	4636.81	90.00	0.0212645	2.54388	0.401284	11102.5	4455.25
67.6836	4645.43	90.00	0.0229506	3.41591	0.466348	13489.1	6290.61
145.820	4654.15	90.00	0.0219014	4.40742	0.724158	16299.1	11803.1
314.159	4662.76	90.00	0.0203961	5.81741	0.899775	21202.7	19077.7
3.14159	4860.72	95.01	0.0235025	2.13047	0.0543191	9051.52	491.670
6.76836	4871.28	95.02	0.0258407	2.35052	0.0808727	9066.60	733.241
14.5820	4880.71	95.00	0.0283981	2.70406	0.160853	9401.14	1512.20
31.4159	4889.41	95.03	0.0310754	3.18288	0.243978	9950.58	2427.73
67.6836	4898.03	95.00	0.0319540	3.70646	0.377067	10853.4	4092.47
145.820	4906.75	94.99	0.0307982	4.44452	0.548978	12650.2	6944.69
314.159	4915.36	95.00	0.0292516	5.61462	0.764684	15247.3	11659.3
3.14159	5113.04	100.01	0.0327481	2.96233	0.0200916	9043.97	181.708
6.76836	5123.59	100.01	0.0360194	3.28633	0.0565452	9109.23	515.083
14.5820	5133.04	100.02	0.0364936	3.37130	0.0927468	9198.56	853.137
31.4159	5141.75	100.01	0.0362859	3.50702	0.143267	9567.27	1370.68
67.6836	5150.36	100.00	0.0356297	3.63414	0.215963	9969.90	2153.13
145.820	5159.09	100.03	0.0345013	4.01985	0.370169	10926.7	4044.73
314.159	5167.70	100.03	0.0331704	4.71184	0.556396	12412.9	6906.51

