Filename	A25V75-2
Instrument name	4020-0324
Operator	AD
rundate	9/23/2026
Sample name	A25V75-2
Geometry name	Tension fixture (rectangle)
Procedure name	TMA IsoForce Temperature Ramp
	Flow Axial Test
	AutoTension AutoStrain Settings
	Standard Oscillatory Temperature Sweep
proceduresegments	TMA IsoForce Temperature Ramp#Flow Axial Test#Standard Oscillatory Temperature Sweep
[File Parameters]
Name	A25V75-2
Instrument type	RSAG2
Instrument serial number	4020-0324
Instrument name	4020-0324
Instrument location	Univ of Colorado
Company name	Univ of Colorado
Trios version	5.1.1.46572
File name	C:\ProgramData\TA Instruments\TRIOS\Data\Alex\A25V75-2.tri
Run date	9/23/2026 9:04:56 AM
Time at start of test	33.7033
[Geometry Parameters]
Geometry Type	Linear tension
Name	Tension fixture (rectangle)
Length	10.07 mm
Width	3.0 mm
Thickness	1.0 mm
Loading gap	10.07 mm
Notes	


[Geometry Extended Parameters]
Expansion coefficient	2.6 µm/°C
Move stage to maintain starting gap	Passive
Orientation Angle	0.0
Upper Compliance	0.0 µm/kg
Lower Compliance	0.0 µm/kg
Upper Geometry Mass	95.62 g
Stress constant (linear)	333333 Pa/N
Strain constant (linear)	99.3049 1/m
[Instrument Parameters]
GapZeroSetback	1000 [mm]
GapFast	0.0100000
GapSlow	1.00000e-5
Temperature limit	620.000 [°C]
[Firmware Versions]
InfoVerDsp	V2018.5.29
InfoVerWinCe	V2019.10.10
InfoVerPwr1	V2017.1.11
InfoVerLincodr2	V2017.1.11
InfoVerStepper3	V2017.1.11
InfoVerPhaseFire6	V2019.7.19
InfoVerFcoPrt8	V2011.9.7
[Calibration Date Information]
InfoDateDynPhase	8/7/2019 6:40 PM
InfoDateStaticNrm	5/3/2024 1:39 PM
InfoDateTorqLag	3/2/2018 1:31 PM
InfoDateMotorScale	3/2/2018 12:07 PM
InfoDateRsaDeflect	3/2/2018 12:58 PM
InfoDateRsaMagTemp	3/6/2018 8:43 AM
InfoDateADGain	3/2/2018 1:15 PM
[Calibration Parameters]
SPFrtScaleLow	370.8792
SPFrtScaleMid	3708.792
SPFrtScaleHi	3708.792
SPNrmScale	1.549643
SPXducerMass	555.4000
SPXducerNormDamping	-0.93000
SPXducerNormSpringConst	1.500000
[Temperature Control Information]
TempCorrInfoTbl01a	FCO/Upper Tool PRT offset 
TempCorrInfoTbl02a	FCO/Lower Tool PRT offset 
TempCorrInfoTbl03a	FCO/Middle PRT offset 
Temperature option	None
[step]
Temperature Ramp IsoForce - 1
Step time	Temperature	Strain	Stress	Modulus	Delta length	Gap	Force
s	°C	%	kPa	kPa	mm	mm	N
0.500166	19.50	9.34924e-3	-129.299	-1382990	9.42230e-4	10.0791	-0.387898
1.50017	19.46	0.0377093	-413.290	-1095990	3.80039e-3	10.0819	-1.23987
2.50017	19.41	0.0383811	-518.506	-1350940	3.86810e-3	10.0820	-1.55552
3.50017	19.33	0.0398384	-515.268	-1293400	4.01497e-3	10.0822	-1.54580
4.50017	19.26	0.0426015	-512.549	-1203120	4.29344e-3	10.0824	-1.53765
5.50017	19.17	0.0439358	-517.065	-1176870	4.42791e-3	10.0826	-1.55120
6.50017	19.07	0.0460554	-525.100	-1140150	4.64153e-3	10.0828	-1.57530
7.50017	18.97	0.0487145	-535.233	-1098720	4.90952e-3	10.0831	-1.60570
8.50017	18.87	0.0514114	-546.716	-1063410	5.18131e-3	10.0833	-1.64015
9.50017	18.77	0.0538717	-560.260	-1039990	5.42927e-3	10.0836	-1.68078
10.5002	18.68	0.0563888	-574.703	-1019180	5.68295e-3	10.0838	-1.72411
11.5002	18.59	0.0584422	-586.504	-1003560	5.88989e-3	10.0840	-1.75951
12.5002	18.51	0.0607322	-596.584	-982319	6.12068e-3	10.0843	-1.78975
13.5002	18.42	0.0631642	-605.151	-958060	6.36578e-3	10.0845	-1.81545
14.5002	18.35	0.0649337	-614.505	-946358	6.54411e-3	10.0847	-1.84352
15.5002	18.27	0.0667127	-625.298	-937300	6.72340e-3	10.0849	-1.87589
16.5002	18.20	0.0685674	-633.654	-924132	6.91032e-3	10.0851	-1.90096
17.5002	18.14	0.0703181	-642.388	-913546	7.08675e-3	10.0852	-1.92716
18.5002	18.06	0.0722295	-651.757	-902341	7.27940e-3	10.0854	-1.95527
19.5002	17.99	0.0739707	-660.147	-892444	7.45487e-3	10.0856	-1.98044
20.5002	17.91	0.0759106	-669.642	-882146	7.65038e-3	10.0858	-2.00893
21.5002	17.84	0.0775003	-681.490	-879338	7.81059e-3	10.0860	-2.04447
22.5002	17.76	0.0795064	-695.484	-874752	8.01277e-3	10.0862	-2.08645
23.5002	17.67	0.0817207	-709.079	-867685	8.23593e-3	10.0864	-2.12724
24.5002	17.58	0.0838877	-724.654	-863838	8.45432e-3	10.0866	-2.17396
25.5002	17.51	0.0860925	-739.312	-858741	8.67653e-3	10.0868	-2.21794
26.5002	17.42	0.0880040	-754.693	-857566	8.86917e-3	10.0870	-2.26408
27.5002	17.35	0.0898777	-766.303	-852607	9.05800e-3	10.0872	-2.29891
28.5002	17.27	0.0916661	-778.136	-848881	9.23824e-3	10.0874	-2.33441
29.5002	17.20	0.0936628	-790.303	-843775	9.43947e-3	10.0876	-2.37091
30.5002	17.13	0.0954607	-801.553	-839668	9.62067e-3	10.0878	-2.40466
31.5002	17.06	0.0973722	-813.252	-835199	9.81331e-3	10.0880	-2.43976
32.5002	16.98	0.0988862	-825.908	-835210	9.96590e-3	10.0881	-2.47772
33.5002	16.92	0.100665	-836.482	-830954	0.0101452	10.0883	-2.50944
34.5002	16.84	0.102652	-848.514	-826590	0.0103455	10.0885	-2.54554
35.5002	16.76	0.104545	-861.072	-823638	0.0105362	10.0887	-2.58322
36.5002	16.68	0.106409	-875.078	-822371	0.0107241	10.0889	-2.62523
37.5002	16.61	0.108425	-891.168	-821923	0.0109272	10.0891	-2.67350
38.5002	16.53	0.110478	-904.846	-819027	0.0111341	10.0893	-2.71454
39.5002	16.43	0.112427	-919.817	-818143	0.0113306	10.0895	-2.75945
40.5002	16.34	0.114784	-936.567	-815941	0.0115681	10.0897	-2.80970
41.5002	16.26	0.117263	-953.142	-812824	0.0118179	10.0900	-2.85943
42.5002	16.18	0.119165	-967.941	-812269	0.0120096	10.0902	-2.90382
43.5002	16.11	0.120613	-980.548	-812972	0.0121555	10.0903	-2.94164
44.5002	16.01	0.123016	-994.602	-808512	0.0123978	10.0905	-2.98381
45.5002	15.92	0.125041	-1012.23	-809518	0.0126019	10.0907	-3.03670
46.5002	15.86	0.126574	-1028.02	-812184	0.0127563	10.0909	-3.08405
47.5002	15.79	0.128751	-1039.88	-807665	0.0129757	10.0911	-3.11963
48.5002	15.71	0.130464	-1053.35	-807388	0.0131483	10.0913	-3.16004
49.5002	15.66	0.132006	-1067.82	-808915	0.0133038	10.0914	-3.20345
50.5002	15.58	0.133492	-1080.25	-809229	0.0134535	10.0916	-3.24076
51.5002	15.51	0.135138	-1092.38	-808345	0.0136194	10.0918	-3.27715
52.5002	15.42	0.137031	-1104.38	-805935	0.0138102	10.0920	-3.31314
53.5002	15.35	0.117954	-887.074	-752052	0.0118876	10.0900	-2.66122
54.5002	15.29	0.0548180	-138.151	-252017	5.52464e-3	10.0837	-0.414452
55.5002	15.21	0.0574203	38.1624	66461.5	5.78690e-3	10.0839	0.114487
56.5002	15.11	0.0595115	-7.96812	-13389.2	5.99766e-3	10.0841	-0.0239044
57.5002	15.05	0.0610445	-66.2601	-108544	6.15215e-3	10.0843	-0.198780
58.5002	14.97	0.0627857	-112.208	-178716	6.32763e-3	10.0845	-0.336625
59.5002	14.89	0.0645457	-150.216	-232728	6.50501e-3	10.0846	-0.450648
60.5002	14.80	0.0660219	-185.370	-280770	6.65379e-3	10.0848	-0.556110
61.5002	14.72	0.0687472	-218.310	-317555	6.92844e-3	10.0851	-0.654930
62.5002	14.64	0.0708953	-251.704	-355036	7.14493e-3	10.0853	-0.755112
63.5002	14.54	0.0731474	-283.807	-387994	7.37190e-3	10.0855	-0.851422
64.5002	14.47	0.0748980	-312.569	-417327	7.54833e-3	10.0857	-0.937708
65.5002	14.38	0.0769704	-340.773	-442732	7.75719e-3	10.0859	-1.02232
66.5002	14.30	0.0788913	-366.276	-464280	7.95078e-3	10.0861	-1.09883
67.5002	14.23	0.0774625	-371.636	-479762	7.80678e-3	10.0859	-1.11491
68.5002	14.15	0.0770366	-343.800	-446281	7.76386e-3	10.0859	-1.03140
69.5002	14.08	0.0787967	-352.624	-447511	7.94125e-3	10.0861	-1.05787
70.5002	13.99	0.0788724	-363.650	-461061	7.94888e-3	10.0861	-1.09095
71.5002	13.93	0.0779356	-357.838	-459146	7.85446e-3	10.0860	-1.07352
72.5002	13.85	0.0775760	-343.641	-442973	7.81822e-3	10.0860	-1.03092
73.5002	13.76	0.0781343	-347.536	-444793	7.87449e-3	10.0860	-1.04261
74.5002	13.68	0.0789481	-351.877	-445706	7.95651e-3	10.0861	-1.05563
75.5002	13.62	0.0781722	-347.421	-444431	7.87830e-3	10.0860	-1.04226
76.5002	13.55	0.0783993	-343.503	-438145	7.90119e-3	10.0860	-1.03051
77.5002	13.46	0.0780302	-344.100	-440982	7.86400e-3	10.0860	-1.03230
78.5002	13.38	0.0784277	-344.494	-439251	7.90405e-3	10.0860	-1.03348
79.5002	13.31	0.0781627	-343.147	-439016	7.87735e-3	10.0860	-1.02944
80.5002	13.22	0.0781249	-339.221	-434203	7.87353e-3	10.0860	-1.01766
81.5002	13.13	0.0789954	-339.135	-429310	7.96127e-3	10.0861	-1.01741
82.5002	13.04	0.0795821	-343.629	-431792	8.02040e-3	10.0862	-1.03089
83.5002	12.96	0.0791279	-337.429	-426435	7.97463e-3	10.0861	-1.01229
84.5002	12.86	0.0811624	-354.716	-437045	8.17966e-3	10.0863	-1.06415
85.5002	12.79	0.0823169	-372.959	-453077	8.29601e-3	10.0864	-1.11888
86.5002	12.71	0.0778883	-342.795	-440110	7.84969e-3	10.0860	-1.02838
87.5002	12.62	0.0784371	-316.365	-403336	7.90501e-3	10.0860	-0.949095
88.5002	12.52	0.0808596	-340.824	-421501	8.14915e-3	10.0863	-1.02247
89.5002	12.45	0.0811530	-361.218	-445108	8.17871e-3	10.0863	-1.08365
90.5002	12.38	0.0775665	-334.579	-431345	7.81727e-3	10.0860	-1.00374
91.5002	12.31	0.0791942	-326.040	-411697	7.98130e-3	10.0861	-0.978121
92.5002	12.24	0.0804149	-345.591	-429760	8.10432e-3	10.0862	-1.03677
93.5002	12.15	0.0815125	-359.655	-441227	8.21495e-3	10.0864	-1.07897
94.5002	12.09	0.0779451	-337.675	-433221	7.85542e-3	10.0860	-1.01302
95.5002	12.00	0.0785412	-316.243	-402646	7.91550e-3	10.0861	-0.948729
96.5002	11.90	0.0809164	-338.940	-418877	8.15487e-3	10.0863	-1.01682
97.5002	11.82	0.0826292	-368.522	-445995	8.32748e-3	10.0865	-1.10557
98.5002	11.74	0.0796200	-350.435	-440135	8.02422e-3	10.0862	-1.05131
99.5002	11.65	0.0777274	-302.991	-389812	7.83348e-3	10.0860	-0.908972
100.500	11.57	0.0793456	-317.865	-400609	7.99656e-3	10.0861	-0.953595
101.500	11.48	0.0816545	-347.335	-425372	8.22926e-3	10.0864	-1.04201
102.500	11.40	0.0829982	-372.579	-448900	8.36468e-3	10.0865	-1.11774
103.500	11.32	0.0837836	-388.215	-463354	8.44383e-3	10.0866	-1.16464
104.500	11.24	0.0754658	-319.160	-422920	7.60555e-3	10.0857	-0.957480
105.500	11.16	0.0773868	-283.989	-366973	7.79915e-3	10.0859	-0.851966
106.500	11.09	0.0794780	-307.335	-386692	8.00991e-3	10.0862	-0.922005
107.500	11.00	0.0811813	-338.173	-416565	8.18157e-3	10.0863	-1.01452
108.500	10.94	0.0799512	-348.702	-436144	8.05759e-3	10.0862	-1.04611
109.500	10.86	0.0792793	-322.091	-406273	7.98988e-3	10.0861	-0.966272
110.500	10.76	0.0810678	-339.154	-418358	8.17013e-3	10.0863	-1.01746
111.500	10.62	0.0821465	-353.279	-430059	8.27885e-3	10.0864	-1.05984
112.500	10.55	0.0789954	-319.520	-404479	7.96127e-3	10.0861	-0.958561
113.500	10.48	0.0810205	-324.978	-401106	8.16536e-3	10.0863	-0.974933
114.500	10.41	0.0826386	-349.862	-423364	8.32844e-3	10.0865	-1.04959
115.500	10.32	0.0803675	-347.025	-431798	8.09956e-3	10.0862	-1.04108
116.500	10.26	0.0803675	-318.852	-396742	8.09956e-3	10.0862	-0.956556
117.500	10.19	0.0819005	-336.781	-411207	8.25405e-3	10.0864	-1.01034
118.500	10.10	0.0818721	-350.157	-427688	8.25119e-3	10.0864	-1.05047
119.500	10.02	0.0813990	-345.397	-424326	8.20351e-3	10.0863	-1.03619
120.500	9.93	0.0817113	-343.725	-420658	8.23498e-3	10.0864	-1.03117
121.500	9.85	0.0811624	-337.185	-415445	8.17966e-3	10.0863	-1.01155
122.500	9.75	0.0818532	-344.420	-420778	8.24928e-3	10.0864	-1.03326
123.500	9.65	0.0809353	-339.906	-419972	8.15678e-3	10.0863	-1.01972
124.500	9.57	0.0809732	-338.011	-417436	8.16059e-3	10.0863	-1.01403
125.500	9.49	0.0817302	-342.934	-419593	8.23689e-3	10.0864	-1.02880
126.500	9.42	0.0806514	-339.730	-421233	8.12817e-3	10.0863	-1.01919
127.500	9.34	0.0810205	-332.199	-410019	8.16536e-3	10.0863	-0.996597
128.500	9.23	0.0835944	-356.351	-426285	8.42476e-3	10.0866	-1.06905
129.500	9.16	0.0796484	-339.528	-426284	8.02708e-3	10.0862	-1.01858
130.500	9.09	0.0807082	-322.547	-399645	8.13389e-3	10.0863	-0.967640
131.500	9.00	0.0827048	-344.155	-416125	8.33511e-3	10.0865	-1.03247
132.500	8.90	0.0834808	-366.099	-438543	8.41331e-3	10.0866	-1.09830
133.500	8.84	0.0836322	-374.686	-448016	8.42857e-3	10.0866	-1.12406
134.500	8.76	0.0779356	-314.869	-404011	7.85446e-3	10.0860	-0.944606
135.500	8.67	0.0798187	-309.958	-388327	8.04424e-3	10.0862	-0.929874
136.500	8.59	0.0820519	-339.868	-414210	8.26931e-3	10.0864	-1.01960
137.500	8.50	0.0836322	-371.375	-444057	8.42857e-3	10.0866	-1.11412
138.500	8.40	0.0859411	-403.058	-468993	8.66127e-3	10.0868	-1.20917
139.500	8.30	0.0865468	-415.341	-479904	8.72231e-3	10.0869	-1.24602
140.500	8.20	0.0746236	-310.923	-416655	7.52068e-3	10.0857	-0.932770
141.500	8.13	0.0773394	-265.287	-343016	7.79438e-3	10.0859	-0.795860
142.500	8.06	0.0787873	-288.452	-366115	7.94029e-3	10.0861	-0.865355
143.500	7.98	0.0805473	-322.244	-400068	8.11768e-3	10.0863	-0.966731
144.500	7.91	0.0822696	-355.322	-431900	8.29124e-3	10.0864	-1.06597
145.500	7.83	0.0838309	-384.820	-459043	8.44860e-3	10.0866	-1.15446
146.500	7.76	0.0855153	-412.188	-482004	8.61835e-3	10.0868	-1.23656
147.500	7.67	0.0859033	-422.548	-491888	8.65746e-3	10.0868	-1.26764
148.500	7.58	0.0721728	-291.905	-404453	7.27367e-3	10.0854	-0.875714
149.500	7.51	0.0738950	-230.952	-312541	7.44724e-3	10.0856	-0.692857
150.500	7.45	0.0760525	-254.201	-334244	7.66468e-3	10.0858	-0.762603
151.500	7.36	0.0772921	-289.672	-374776	7.78961e-3	10.0859	-0.869016
152.500	7.26	0.0798755	-326.691	-409001	8.04996e-3	10.0862	-0.980074
153.500	7.14	0.0821465	-362.340	-441090	8.27885e-3	10.0864	-1.08702
154.500	7.07	0.0846636	-401.022	-473665	8.53252e-3	10.0867	-1.20307
155.500	6.98	0.0866130	-437.473	-505089	8.72898e-3	10.0869	-1.31242
156.500	6.90	0.0890733	-471.340	-529159	8.97694e-3	10.0871	-1.41402
157.500	6.83	0.0902846	-501.329	-555276	9.09901e-3	10.0872	-1.50399
158.500	6.74	0.0923380	-530.798	-574842	9.30595e-3	10.0874	-1.59239
159.500	6.64	0.0948456	-564.497	-595175	9.55868e-3	10.0877	-1.69349
160.500	6.54	0.0853261	-489.758	-573984	8.59928e-3	10.0867	-1.46927
161.500	6.45	0.0625491	-116.620	-186445	6.30379e-3	10.0844	-0.349859
162.500	6.39	0.0651514	-34.5922	-53095.1	6.56605e-3	10.0847	-0.103777
163.500	6.30	0.0671102	-65.3094	-97316.6	6.76346e-3	10.0849	-0.195928
164.500	6.21	0.0690784	-113.661	-164540	6.96182e-3	10.0851	-0.340984
165.500	6.13	0.0711129	-160.823	-226152	7.16686e-3	10.0853	-0.482469
166.500	6.06	0.0726175	-202.433	-278767	7.31850e-3	10.0855	-0.607300
167.500	5.98	0.0749643	-240.118	-320310	7.55501e-3	10.0857	-0.720354
168.500	5.90	0.0769799	-280.124	-363893	7.75814e-3	10.0859	-0.840373
169.500	5.78	0.0785791	-319.583	-406702	7.91931e-3	10.0861	-0.958748
170.500	5.70	0.0814936	-362.979	-445407	8.21304e-3	10.0864	-1.08894
171.500	5.63	0.0829320	-399.102	-481240	8.35800e-3	10.0865	-1.19730
172.500	5.56	0.0851179	-430.917	-506259	8.57830e-3	10.0867	-1.29275
173.500	5.46	0.0786642	-379.106	-481930	7.92789e-3	10.0861	-1.13732
174.500	5.41	0.0759390	-298.027	-392455	7.65324e-3	10.0858	-0.894080
175.500	5.37	0.0771123	-299.076	-387844	7.77149e-3	10.0859	-0.897227
176.500	5.28	0.0786548	-327.153	-415935	7.92694e-3	10.0861	-0.981458
177.500	5.20	0.0804527	-361.014	-448728	8.10814e-3	10.0863	-1.08304
178.500	5.09	0.0804527	-377.632	-469384	8.10814e-3	10.0863	-1.13290
179.500	5.01	0.0787873	-370.414	-470144	7.94029e-3	10.0861	-1.11124
180.500	4.88	0.0759200	-311.510	-410313	7.65133e-3	10.0858	-0.934530
181.500	4.83	0.0783330	-324.167	-413832	7.89452e-3	10.0860	-0.972501
182.500	4.74	0.0797146	-351.537	-440994	8.03375e-3	10.0862	-1.05461
183.500	4.67	0.0813611	-379.306	-466201	8.19969e-3	10.0863	-1.13792
184.500	4.59	0.0749359	-336.810	-449464	7.55215e-3	10.0857	-1.01043
185.500	4.49	0.0764499	-303.322	-396759	7.70474e-3	10.0858	-0.909965
186.500	4.40	0.0781249	-329.548	-421823	7.87353e-3	10.0860	-0.988645
187.500	4.30	0.0804527	-367.350	-456604	8.10814e-3	10.0863	-1.10205
188.500	4.23	0.0824683	-403.167	-488875	8.31127e-3	10.0865	-1.20950
189.500	4.13	0.0712170	-324.988	-456335	7.17735e-3	10.0853	-0.974965
190.500	4.02	0.0734218	-260.263	-354477	7.39956e-3	10.0855	-0.780790
191.500	3.95	0.0753712	-279.101	-370302	7.59602e-3	10.0857	-0.837304
192.500	3.87	0.0768758	-315.085	-409862	7.74765e-3	10.0859	-0.945254
193.500	3.79	0.0790806	-353.293	-446750	7.96986e-3	10.0861	-1.05988
194.500	3.71	0.0807744	-391.586	-484789	8.14056e-3	10.0863	-1.17476
195.500	3.65	0.0768001	-377.464	-491489	7.74002e-3	10.0859	-1.13239
196.500	3.59	0.0730433	-298.938	-409261	7.36141e-3	10.0855	-0.896814
197.500	3.49	0.0755699	-301.311	-398719	7.61604e-3	10.0858	-0.903934
198.500	3.42	0.0772637	-334.589	-433048	7.78675e-3	10.0859	-1.00377
199.500	3.35	0.0792036	-368.170	-464840	7.98225e-3	10.0861	-1.10451
200.500	3.26	0.0761187	-344.644	-452772	7.67136e-3	10.0858	-1.03393
201.500	3.16	0.0780302	-349.525	-447935	7.86400e-3	10.0860	-1.04857
202.500	3.06	0.0806041	-385.633	-478429	8.12340e-3	10.0863	-1.15690
203.500	2.97	0.0789860	-396.788	-502353	7.96032e-3	10.0861	-1.19037
204.500	2.86	0.0710561	-276.600	-389269	7.16114e-3	10.0853	-0.829799
205.500	2.81	0.0732042	-252.706	-345206	7.37762e-3	10.0855	-0.758117
206.500	2.74	0.0747561	-279.212	-373498	7.53403e-3	10.0857	-0.837637
207.500	2.67	0.0761471	-313.935	-412274	7.67422e-3	10.0858	-0.941805
208.500	2.58	0.0781722	-351.486	-449630	7.87830e-3	10.0860	-1.05446
209.500	2.46	0.0774625	-370.502	-478299	7.80678e-3	10.0859	-1.11151
210.500	2.37	0.0763932	-348.687	-456437	7.69901e-3	10.0858	-1.04606
211.500	2.30	0.0773678	-342.716	-442970	7.79724e-3	10.0859	-1.02815
212.500	2.24	0.0789576	-370.657	-469438	7.95746e-3	10.0861	-1.11197
213.500	2.15	0.0805757	-404.287	-501748	8.12054e-3	10.0863	-1.21286
214.500	2.06	0.0768758	-389.824	-507083	7.74765e-3	10.0859	-1.16947
215.500	1.97	0.0709142	-274.771	-387470	7.14684e-3	10.0853	-0.824314
216.500	1.92	0.0727027	-263.634	-362619	7.32708e-3	10.0855	-0.790902
217.500	1.83	0.0743397	-294.966	-396781	7.49207e-3	10.0856	-0.884898
218.500	1.74	0.0765446	-339.139	-443061	7.71427e-3	10.0859	-1.01742
219.500	1.67	0.0783804	-383.680	-489511	7.89928e-3	10.0860	-1.15104
220.500	1.62	0.0798092	-420.314	-526648	8.04329e-3	10.0862	-1.26094
221.500	1.52	0.0818721	-454.985	-555726	8.25119e-3	10.0864	-1.36495
222.500	1.43	0.0839350	-493.606	-588081	8.45909e-3	10.0866	-1.48082
223.500	1.30	0.0843892	-508.135	-602133	8.50487e-3	10.0866	-1.52441
224.500	1.24	0.0603537	-278.953	-462198	6.08253e-3	10.0842	-0.836860
225.500	1.15	0.0633440	-123.666	-195229	6.38390e-3	10.0845	-0.370997
226.500	1.06	0.0655867	-132.757	-202414	6.60992e-3	10.0848	-0.398270
227.500	0.96	0.0679807	-179.138	-263512	6.85120e-3	10.0850	-0.537413
228.500	0.86	0.0696367	-230.069	-330385	7.01809e-3	10.0852	-0.690208
229.500	0.81	0.0719551	-274.692	-381755	7.25174e-3	10.0854	-0.824077
230.500	0.70	0.0739328	-315.681	-426983	7.45106e-3	10.0856	-0.947042
231.500	0.61	0.0761093	-357.848	-470176	7.67040e-3	10.0858	-1.07354
232.500	0.53	0.0782195	-398.551	-509529	7.88307e-3	10.0860	-1.19565
233.500	0.45	0.0802729	-437.483	-544994	8.09002e-3	10.0862	-1.31245
234.500	0.37	0.0825061	-476.071	-577013	8.31509e-3	10.0865	-1.42821
235.500	0.29	0.0841337	-511.577	-608053	8.47912e-3	10.0866	-1.53473
236.500	0.22	0.0859127	-545.551	-635006	8.65841e-3	10.0868	-1.63665
237.500	0.16	0.0873984	-579.853	-663460	8.80814e-3	10.0870	-1.73956
238.500	0.06	0.0890733	-613.116	-688328	8.97694e-3	10.0871	-1.83935
239.500	0.02	0.0912592	-649.028	-711192	9.19724e-3	10.0873	-1.94708
240.500	-0.08	0.0923569	-680.249	-736544	9.30786e-3	10.0875	-2.04075
241.500	-0.17	0.0948267	-714.411	-753386	9.55677e-3	10.0877	-2.14323
242.500	-0.22	0.0860358	-626.956	-728716	8.67081e-3	10.0868	-1.88087
243.500	-0.23	0.0479669	-70.1433	-146233	4.83417e-3	10.0830	-0.210430
244.500	-0.22	0.0483738	141.386	292278	4.87518e-3	10.0830	0.424158
245.500	-0.21	0.0482697	153.091	317157	4.86469e-3	10.0830	0.459272
246.500	-0.19	0.0478344	126.184	263794	4.82082e-3	10.0830	0.378553
247.500	-0.16	0.0468598	98.5915	210397	4.72260e-3	10.0829	0.295775
248.500	-0.14	0.0462163	73.8489	159790	4.65775e-3	10.0828	0.221547
249.500	-0.11	0.0459324	50.6662	110306	4.62914e-3	10.0828	0.151999

[step]
Temperature Sweep - 2
Angular frequency	Step time	Temperature	Oscillation strain	Oscillation stress	Tan(delta)	Storage modulus	Loss modulus
rad/s	s	°C	%	kPa		kPa	kPa
3.14159	4.00368	-0.02	4.52562e-4	5.60446	-0.721424	1004310	-724536
6.76836	14.5593	-0.01	3.87755e-4	8.39735	0.0819766	2158390	176938
14.5820	24.0090	-0.01	2.31357e-4	5.26870	0.0377621	2275680	85934.3
31.4159	32.7130	-0.01	1.22855e-4	2.87235	0.0397991	2336140	92976.2
67.6836	45.4993	0.00	7.83825e-5	1.83032	0.0448538	2332770	104634
145.820	54.2218	0.00	6.21298e-5	1.48764	0.0573638	2390470	137127
314.159	62.8330	-0.01	6.13346e-5	1.48150	0.131128	2394940	314043
3.14159	272.796	5.01	6.82347e-4	11.8887	-0.0422431	1740770	-73535.5
6.76836	283.350	5.01	5.73106e-4	11.8244	0.0640322	2059000	131843
14.5820	292.785	5.01	3.60440e-4	7.59820	0.0604761	2104190	127253
31.4159	301.489	5.01	1.90583e-4	4.13097	0.0584933	2163850	126571
67.6836	310.110	5.01	1.11088e-4	2.42922	0.0675890	2181770	147464
145.820	318.828	5.01	8.88156e-5	1.94809	0.0634789	2189000	138955
314.159	327.439	5.00	8.62716e-5	1.95386	0.178337	2229600	397621
3.14159	525.357	10.02	9.27447e-4	15.7495	0.0307619	1697360	52213.9
6.76836	535.911	10.02	7.93185e-4	15.0507	0.0827581	1891040	156499
14.5820	545.358	10.01	5.08453e-4	9.89522	0.0621901	1942390	120797
31.4159	554.060	10.01	2.71118e-4	5.46984	0.0674289	2012940	135731
67.6836	562.671	10.01	1.72754e-4	3.31032	0.102420	1906230	195237
145.820	571.391	10.01	1.12862e-4	2.37583	0.0932889	2095970	195531
314.159	580.002	10.01	1.08604e-4	2.36079	0.143633	2151670	309051
3.14159	777.944	15.02	1.14354e-3	17.9899	0.0482970	1571340	75890.9
6.76836	788.498	15.02	9.92114e-4	17.2065	0.0863079	1727900	149132
14.5820	797.945	15.01	6.53590e-4	11.7896	0.0783707	1798320	140935
31.4159	806.659	15.01	3.52825e-4	6.55514	0.0736045	1852890	136381
67.6836	815.280	15.02	1.99235e-4	3.85141	0.0815822	1926700	157184
145.820	824.012	15.01	1.45902e-4	2.82264	0.0955631	1925840	184039
314.159	832.623	15.01	1.40601e-4	2.84143	0.147526	1999280	294944
3.14159	1030.55	20.02	1.39291e-3	19.4778	0.0547638	1396260	76464.6
6.76836	1041.12	20.01	1.24178e-3	19.3324	0.0940048	1549990	145707
14.5820	1050.55	20.01	8.45397e-4	13.7123	0.0845432	1616230	136641
31.4159	1059.27	20.02	4.62441e-4	7.82892	0.100496	1684470	169283
67.6836	1067.88	20.00	2.65981e-4	4.68296	0.149853	1741200	260924
145.820	1076.60	20.01	1.86681e-4	3.40771	0.107629	1814940	195341
314.159	1085.21	20.01	1.66226e-4	3.08748	0.179127	1828310	327499
3.14159	1283.14	25.02	1.53400e-3	18.1108	0.0825579	1176620	97139.3
6.76836	1293.70	25.01	1.37874e-3	19.0592	0.103830	1374970	142764
14.5820	1303.13	25.01	9.83368e-4	14.2306	0.108297	1438710	155809
31.4159	1311.85	25.02	5.42201e-4	8.27861	0.100061	1519270	152020
67.6836	1320.46	25.01	3.05993e-4	4.89100	0.109966	1588830	174717
145.820	1329.19	25.00	2.21878e-4	3.62884	0.126228	1622630	204821
314.159	1337.80	25.02	1.93329e-4	3.30470	0.180756	1682110	304050
3.14159	1537.74	30.02	1.54798e-3	14.6942	0.109433	943619	103263
6.76836	1548.30	30.01	1.44219e-3	16.9255	0.123580	1164740	143938
14.5820	1557.74	30.01	1.07599e-3	13.4428	0.121683	1240190	150910
31.4159	1566.44	30.03	6.06618e-4	8.15386	0.125074	1333760	166819
67.6836	1575.05	30.00	3.49929e-4	4.86739	0.119236	1381180	164687
145.820	1583.78	30.00	2.48642e-4	3.60467	0.138938	1435950	199508
314.159	1592.39	30.02	2.13818e-4	3.28544	0.190720	1509350	287863
3.14159	1792.34	35.03	1.58094e-3	11.2905	0.125143	708637	88680.9
6.76836	1802.90	35.01	1.50615e-3	14.4853	0.147173	951496	140035
14.5820	1812.36	35.01	1.19525e-3	12.4542	0.149207	1030560	153767
31.4159	1821.08	35.01	7.08567e-4	7.90859	0.140289	1105310	155063
67.6836	1829.69	35.01	3.88985e-4	4.71521	0.133840	1201470	160805
145.820	1838.41	35.01	2.86557e-4	3.57425	0.149631	1233570	184581
314.159	1847.02	35.01	2.45117e-4	3.26257	0.207036	1303390	269848
3.14159	2044.94	40.03	1.62846e-3	9.10810	0.182507	550220	100419
6.76836	2055.50	40.01	1.58567e-3	11.8775	0.191451	735689	140848
14.5820	2064.95	40.03	1.34353e-3	11.0612	0.186768	809303	151152
31.4159	2073.67	40.01	8.43052e-4	7.58893	0.175033	886694	155201
67.6836	2082.28	40.00	4.89722e-4	4.74326	0.171584	954611	163796
145.820	2091.01	40.01	3.39049e-4	3.52765	0.186786	1022770	191038
314.159	2099.62	40.01	2.89379e-4	3.24379	0.242626	1089340	264303
3.14159	2297.58	45.01	1.66677e-3	6.58803	0.265003	382068	101249
6.76836	2308.14	45.02	1.66611e-3	9.23008	0.255362	536767	137070
14.5820	2317.58	45.03	1.50123e-3	9.40480	0.238876	609330	145554
31.4159	2326.28	45.01	1.01785e-3	7.13545	0.221151	684496	151377
67.6836	2334.90	45.02	6.00053e-4	4.62950	0.216007	754122	162896
145.820	2343.63	45.01	4.15006e-4	3.48877	0.223718	820376	183533
314.159	2352.25	45.02	3.47528e-4	3.20327	0.272335	889340	242199
3.14159	2550.18	50.03	1.73751e-3	4.34274	0.384184	233315	89635.9
6.76836	2560.73	50.03	1.74828e-3	6.84126	0.329248	371686	122377
14.5820	2570.18	49.98	1.66053e-3	7.59979	0.300173	438350	131581
31.4159	2578.88	50.02	1.24124e-3	6.52547	0.282236	505954	142799
67.6836	2587.50	49.99	7.54870e-4	4.49121	0.270524	574321	155367
145.820	2596.23	50.01	5.14925e-4	3.43544	0.271846	643808	175016
314.159	2604.85	50.00	4.27348e-4	3.17736	0.314409	709275	223002
3.14159	2802.79	55.02	1.81307e-3	2.91411	0.511420	143099	73183.9
6.76836	2813.35	55.03	2.02454e-3	5.24149	0.431591	237704	102591
14.5820	2822.79	55.00	1.99176e-3	6.26946	0.391224	293135	114682
31.4159	2831.50	55.03	1.64812e-3	6.16001	0.357591	351934	125849
67.6836	2840.11	55.02	1.06499e-3	4.65916	0.332000	415199	137846
145.820	2848.83	55.01	7.27637e-4	3.66263	0.326892	478445	156400
314.159	2857.44	55.00	5.90025e-4	3.43935	0.364194	547723	199477
3.14159	3055.41	60.01	1.99559e-3	2.17123	0.663523	90659.5	60154.7
6.76836	3065.96	60.00	2.22312e-3	3.54405	0.552083	139561	77049.5
14.5820	3075.40	60.02	2.23094e-3	4.50296	0.504315	180221	90887.9
31.4159	3084.10	60.01	2.01704e-3	5.07963	0.463359	228498	105877
67.6836	3092.71	60.03	1.42985e-3	4.37403	0.431374	280887	121167
145.820	3101.43	60.00	9.83109e-4	3.61457	0.409651	340226	139374
314.159	3110.04	60.01	7.87844e-4	3.43979	0.443358	399138	176961
3.14159	3307.98	65.01	2.19388e-3	1.36161	0.705268	50719.1	35770.6
6.76836	3318.55	65.03	2.42437e-3	2.16867	0.690981	73593.1	50851.5
14.5820	3327.98	65.00	2.70024e-3	3.26540	0.642777	101727	65387.8
31.4159	3336.69	64.98	2.65184e-3	4.20083	0.590444	136409	80541.8
67.6836	3345.30	65.01	2.09276e-3	4.21861	0.541807	177239	96029.1
145.820	3354.02	65.02	1.49599e-3	3.77730	0.519721	224044	116440
314.159	3362.63	64.98	1.18308e-3	3.71290	0.541927	275921	149529
3.14159	3560.57	69.99	2.69049e-3	0.905341	0.822718	25985.5	21378.7
6.76836	3571.12	70.03	2.97717e-3	1.44141	0.780413	38168.1	29786.9
14.5820	3580.56	70.02	3.31346e-3	2.25147	0.770032	53837.2	41456.4
31.4159	3589.26	70.02	3.61531e-3	3.40732	0.717983	76557.8	54967.2
67.6836	3597.88	70.01	3.14785e-3	3.96842	0.674363	104522	70485.6
145.820	3606.61	70.02	2.39221e-3	3.99000	0.648373	139949	90739.3
314.159	3615.23	70.00	1.89745e-3	4.09902	0.660566	180251	119068
3.14159	3813.19	75.02	3.57400e-3	0.676342	0.681193	15640.1	10653.9
6.76836	3823.74	75.00	3.95341e-3	1.04412	0.720485	21428.3	15438.7
14.5820	3833.19	75.01	4.37586e-3	1.61706	0.807103	28756.5	23209.4
31.4159	3841.89	75.02	4.81688e-3	2.52476	0.820358	40523.6	33243.9
67.6836	3850.50	74.99	4.93823e-3	3.64242	0.776106	58269.6	45223.4
145.820	3859.22	75.02	4.07123e-3	4.18097	0.746340	82300.6	61424.3
314.159	3867.83	74.98	3.31227e-3	4.63562	0.720503	113550	81812.9
3.14159	4065.77	80.01	5.24500e-3	0.642345	0.469714	11084.9	5206.72
6.76836	4076.33	79.99	5.77478e-3	0.920679	0.563033	13892.5	7821.91
14.5820	4085.76	80.04	6.36992e-3	1.34803	0.706436	17284.5	12210.4
31.4159	4094.47	80.00	7.01186e-3	2.09200	0.805740	23232.1	18719.1
67.6836	4103.08	80.00	7.43397e-3	3.22414	0.867565	32759.9	28421.4
145.820	4111.80	80.02	6.81051e-3	4.14360	0.857049	46196.3	39592.5
314.159	4120.41	80.01	5.78430e-3	5.03385	0.865339	65807.8	56946.1
3.14159	4316.35	85.05	7.93781e-3	0.822533	0.241539	10072.6	2432.92
6.76836	4326.91	84.99	8.73310e-3	1.00975	0.353008	10902.9	3848.81
14.5820	4336.35	85.02	9.61661e-3	1.35468	0.518748	12504.5	6486.69
31.4159	4345.06	84.99	0.0105585	1.94943	0.668536	15349.0	10261.3
67.6836	4353.68	85.00	0.0113296	3.26815	0.765790	22902.2	17538.3
145.820	4362.41	85.04	0.0107323	3.87908	0.878989	27147.4	23862.2
314.159	4371.03	84.98	9.54097e-3	5.08973	0.954781	38583.6	36838.9
3.14159	4568.97	90.03	0.0118475	1.12113	0.0840389	9429.84	792.473
6.76836	4579.53	90.02	0.0130360	1.30032	0.197406	9786.01	1931.81
14.5820	4588.97	90.03	0.0143342	1.57101	0.308490	10472.8	3230.76
31.4159	4597.67	90.01	0.0157118	2.08506	0.460297	12054.9	5548.86
67.6836	4606.27	89.95	0.0169428	2.76187	0.609871	13917.1	8487.64
145.820	4614.99	90.03	0.0177148	4.04875	0.787350	17957.2	14138.6
314.159	4623.61	90.03	0.0163649	5.31588	0.941164	23654.6	22262.9
3.14159	4821.56	94.99	0.0190897	1.73329	0.0469288	9069.69	425.630
6.76836	4832.11	95.05	0.0209895	1.97221	0.104750	9345.03	978.894
14.5820	4841.54	95.00	0.0230685	2.28978	0.175158	9777.14	1712.55
31.4159	4850.24	95.03	0.0252507	2.69057	0.267525	10293.4	2753.75
67.6836	4858.86	95.00	0.0272599	3.32633	0.426029	11226.0	4782.60
145.820	4867.58	95.01	0.0262748	4.10363	0.589216	13456.0	7928.51
314.159	4876.20	95.00	0.0248488	5.27457	0.815175	16452.7	13411.9
3.14159	5073.87	100.00	0.0279971	2.58889	0.0301978	9242.78	279.111
6.76836	5084.43	100.02	0.0307883	2.88551	0.0559435	9357.46	523.489
14.5820	5093.86	100.03	0.0338371	3.21087	0.0961573	9445.63	908.267
31.4159	5102.57	100.00	0.0349244	3.47512	0.152003	9837.41	1495.32
67.6836	5111.18	100.03	0.0342877	3.58670	0.214605	10227.7	2194.92
145.820	5119.90	99.97	0.0331660	4.05678	0.395156	11375.8	4495.20
314.159	5128.51	100.01	0.0318132	4.83275	0.592297	13070.4	7741.57

