Filename	A25V75-1 (1)
Instrument name	4020-0324
Operator	AD
rundate	9/22/2026
Sample name	A25V75-1
Geometry name	Tension fixture (rectangle)
Procedure name	TMA IsoForce Temperature Ramp
	Flow Axial Test
	AutoTension AutoStrain Settings
	Standard Oscillatory Temperature Sweep
proceduresegments	TMA IsoForce Temperature Ramp#Flow Axial Test#Standard Oscillatory Temperature Sweep
[File Parameters]
Name	A25V75-1 (1)
Instrument type	RSAG2
Instrument serial number	4020-0324
Instrument name	4020-0324
Instrument location	Univ of Colorado
Company name	Univ of Colorado
Trios version	5.1.1.46572
File name	C:\ProgramData\TA Instruments\TRIOS\Data\Alex\A25V75-1 (1).tri
Run date	9/22/2026 4:25:13 PM
Time at start of test	75.5080
[Geometry Parameters]
Geometry Type	Linear tension
Name	Tension fixture (rectangle)
Length	6.055 mm
Width	3.0 mm
Thickness	1.0 mm
Loading gap	6.055 mm
Notes	


[Geometry Extended Parameters]
Expansion coefficient	2.6 µm/°C
Move stage to maintain starting gap	Passive
Orientation Angle	0.0
Upper Compliance	0.0 µm/kg
Lower Compliance	0.0 µm/kg
Upper Geometry Mass	95.62 g
Stress constant (linear)	333333 Pa/N
Strain constant (linear)	165.153 1/m
[Instrument Parameters]
GapZeroSetback	1000 [mm]
GapFast	0.0100000
GapSlow	1.00000e-5
Temperature limit	620.000 [°C]
[Firmware Versions]
InfoVerDsp	V2018.5.29
InfoVerWinCe	V2019.10.10
InfoVerPwr1	V2017.1.11
InfoVerLincodr2	V2017.1.11
InfoVerStepper3	V2017.1.11
InfoVerPhaseFire6	V2019.7.19
InfoVerFcoPrt8	V2011.9.7
[Calibration Date Information]
InfoDateDynPhase	8/7/2019 6:40 PM
InfoDateStaticNrm	5/3/2024 1:39 PM
InfoDateTorqLag	3/2/2018 1:31 PM
InfoDateMotorScale	3/2/2018 12:07 PM
InfoDateRsaDeflect	3/2/2018 12:58 PM
InfoDateRsaMagTemp	3/6/2018 8:43 AM
InfoDateADGain	3/2/2018 1:15 PM
[Calibration Parameters]
SPFrtScaleLow	370.8792
SPFrtScaleMid	3708.792
SPFrtScaleHi	3708.792
SPNrmScale	1.549643
SPXducerMass	555.4000
SPXducerNormDamping	-0.93000
SPXducerNormSpringConst	1.500000
[Temperature Control Information]
TempCorrInfoTbl01a	FCO/Upper Tool PRT offset 
TempCorrInfoTbl02a	FCO/Lower Tool PRT offset 
TempCorrInfoTbl03a	FCO/Middle PRT offset 
Temperature option	FCO/LN2
[step]
Temperature Ramp IsoForce - 1
Step time	Temperature	Strain	Stress	Modulus	Delta length	Gap	Force
s	°C	%	kPa	kPa	mm	mm	N
0.500163	19.93	-0.856249	4060.41	-474209	-0.0516577	5.98136	12.1812
1.50016	19.98	-0.426259	1359.85	-319019	-0.0257163	6.00730	4.07954
2.50016	19.97	-0.428733	-529.028	123393	-0.0258656	6.00715	-1.58708
3.50016	19.95	-0.429776	-754.868	175642	-0.0259285	6.00709	-2.26461
4.50016	19.88	-0.414087	-562.221	135773	-0.0249820	6.00804	-1.68666
5.50016	19.80	-0.570638	457.898	-80243.2	-0.0344267	5.99859	1.37369
6.50016	19.71	-0.565002	1355.67	-239941	-0.0340867	5.99893	4.06701
7.50016	19.62	-0.559067	1573.67	-281481	-0.0337286	5.99929	4.72101
8.50016	19.52	-0.554664	1608.28	-289956	-0.0334630	5.99956	4.82485
9.50016	19.41	-0.549977	1610.40	-292811	-0.0331802	5.99984	4.83119
10.5002	19.31	-0.545765	1614.93	-295902	-0.0329261	6.00009	4.84479
11.5002	19.23	-0.541180	1622.56	-299818	-0.0326495	6.00037	4.86767
12.5002	19.15	-0.537545	1634.85	-304133	-0.0324302	6.00059	4.90455
13.5002	19.07	-0.534178	1650.80	-309036	-0.0322270	6.00079	4.95240
14.5002	18.99	-0.530898	1667.00	-313996	-0.0320292	6.00099	5.00100
15.5002	18.93	-0.527546	1685.81	-319557	-0.0318270	6.00119	5.05744
16.5002	18.86	-0.524503	1703.46	-324775	-0.0316434	6.00138	5.11037
17.5002	18.80	-0.521658	1722.77	-330249	-0.0314717	6.00155	5.16832
18.5002	18.73	-0.518987	1739.83	-335237	-0.0313106	6.00171	5.21950
19.5002	18.67	-0.516339	1754.36	-339770	-0.0311508	6.00187	5.26309
20.5002	18.60	-0.513027	1768.52	-344723	-0.0309510	6.00207	5.30557
21.5002	18.54	-0.510371	1783.69	-349489	-0.0307908	6.00223	5.35107
22.5002	18.47	-0.507787	1796.50	-353790	-0.0306349	6.00238	5.38950
23.5002	18.39	-0.504349	1808.89	-358659	-0.0304275	6.00259	5.42668
24.5002	18.33	-0.500832	1820.72	-363539	-0.0302153	6.00280	5.46215
25.5002	18.25	-0.498010	1830.88	-367638	-0.0300450	6.00297	5.49263
26.5002	18.16	-0.494501	1838.90	-371870	-0.0298333	6.00319	5.51670
27.5002	18.08	-0.490644	1844.91	-376019	-0.0296006	6.00342	5.53474
28.5002	18.01	-0.486858	1849.28	-379840	-0.0293722	6.00365	5.54785
29.5002	17.92	-0.483514	1854.73	-383593	-0.0291705	6.00385	5.56418
30.5002	17.83	-0.480290	1859.83	-387232	-0.0289760	6.00404	5.57950
31.5002	17.75	-0.476354	1864.37	-391383	-0.0287385	6.00428	5.59310
32.5002	17.67	-0.472670	1868.48	-395302	-0.0285163	6.00450	5.60543
33.5002	17.58	-0.468995	1872.33	-399221	-0.0282946	6.00472	5.61698
34.5002	17.50	-0.465438	1875.02	-402851	-0.0280800	6.00494	5.62507
35.5002	17.41	-0.461763	1875.99	-406268	-0.0278583	6.00516	5.62798
36.5002	17.33	-0.458199	1877.46	-409747	-0.0276432	6.00538	5.63237
37.5002	17.24	-0.454136	1878.72	-413692	-0.0273981	6.00562	5.63617
38.5002	17.16	-0.450453	1879.74	-417300	-0.0271759	6.00584	5.63922
39.5002	17.07	-0.446548	1878.93	-420768	-0.0269403	6.00608	5.63679
40.5002	16.98	-0.387143	1635.25	-422389	-0.0233564	6.00966	4.90576
41.5002	16.89	-0.272096	390.196	-143404	-0.0164156	6.01660	1.17059
42.5002	16.80	-0.271377	-159.663	58834.3	-0.0163722	6.01665	-0.478988
43.5002	16.71	-0.268349	-215.509	80308.9	-0.0161896	6.01683	-0.646526
44.5002	16.64	-0.264145	-165.368	62605.0	-0.0159359	6.01708	-0.496103
45.5002	16.55	-0.259932	-107.783	41465.8	-0.0156817	6.01734	-0.323348
46.5002	16.46	-0.256170	-61.4012	23969.0	-0.0154548	6.01756	-0.184204
47.5002	16.37	-0.251925	-25.1997	10002.8	-0.0151987	6.01782	-0.0755991
48.5002	16.27	-0.248226	2.68605	-1082.09	-0.0149755	6.01804	8.05814e-3
49.5002	16.20	-0.244433	23.9015	-9778.36	-0.0147467	6.01827	0.0717045
50.5002	16.11	-0.240489	42.5426	-17690.1	-0.0145087	6.01851	0.127628
51.5002	16.02	-0.236758	59.3058	-25049.1	-0.0142837	6.01874	0.177917
52.5002	15.93	-0.233755	74.2160	-31749.5	-0.0141025	6.01892	0.222648
53.5002	15.85	-0.229313	85.1775	-37144.7	-0.0138345	6.01918	0.255533
54.5002	15.77	-0.225550	93.0658	-41261.6	-0.0136075	6.01941	0.279198
55.5002	15.69	-0.221923	99.3968	-44789.0	-0.0133886	6.01963	0.298190
56.5002	15.60	-0.218279	106.146	-48628.8	-0.0131688	6.01985	0.318439
57.5002	15.52	-0.215181	111.291	-51719.9	-0.0129819	6.02004	0.333874
58.5002	15.43	-0.211221	114.658	-54283.2	-0.0127430	6.02028	0.343973
59.5002	15.34	-0.207538	117.185	-56464.5	-0.0125208	6.02050	0.351555
60.5002	15.24	-0.204005	121.298	-59458.4	-0.0123076	6.02071	0.363894
61.5002	15.16	-0.199918	124.855	-62453.2	-0.0120611	6.02096	0.374566
62.5002	15.07	-0.196480	128.612	-65457.7	-0.0118537	6.02117	0.385835
63.5002	14.99	-0.198093	170.203	-85920.9	-0.0119510	6.02107	0.510609
64.5002	14.90	-0.240560	494.146	-205415	-0.0145130	6.01851	1.48244
65.5002	14.82	-0.236734	738.758	-312062	-0.0142822	6.01874	2.21627
66.5002	14.73	-0.231723	781.331	-337183	-0.0139799	6.01904	2.34399
67.5002	14.64	-0.228412	769.291	-336800	-0.0137801	6.01924	2.30787
68.5002	14.54	-0.224626	750.525	-334122	-0.0135517	6.01947	2.25157
69.5002	14.46	-0.221330	733.815	-331548	-0.0133529	6.01967	2.20144
70.5002	14.37	-0.217576	718.122	-330057	-0.0131264	6.01989	2.15437
71.5002	14.28	-0.213861	703.455	-328931	-0.0129023	6.02012	2.11036
72.5002	14.20	-0.210644	690.268	-327694	-0.0127082	6.02031	2.07080
73.5002	14.10	-0.206929	678.123	-327708	-0.0124841	6.02053	2.03437
74.5002	14.03	-0.202898	666.092	-328289	-0.0122409	6.02078	1.99828
75.5002	13.94	-0.199397	652.516	-327245	-0.0120296	6.02099	1.95755
76.5002	13.85	-0.196085	639.681	-326226	-0.0118299	6.02119	1.91904
77.5002	13.76	-0.192323	626.431	-325718	-0.0116029	6.02142	1.87929
78.5002	13.69	-0.188750	614.065	-325332	-0.0113873	6.02163	1.84220
79.5002	13.59	-0.184727	602.296	-326046	-0.0111446	6.02187	1.80689
80.5002	13.50	-0.181566	588.299	-324014	-0.0109539	6.02206	1.76490
81.5002	13.39	-0.177551	574.588	-323619	-0.0107117	6.02231	1.72376
82.5002	13.32	-0.173251	556.102	-320981	-0.0104523	6.02257	1.66831
83.5002	13.23	-0.169355	539.870	-318781	-0.0102172	6.02280	1.61961
84.5002	13.13	-0.163822	527.558	-322031	-9.88340e-3	6.02314	1.58267
85.5002	13.04	-0.162486	513.507	-316031	-9.80282e-3	6.02322	1.54052
86.5002	12.97	-0.158590	500.095	-315339	-9.56774e-3	6.02345	1.50029
87.5002	12.88	-0.155104	486.924	-313934	-9.35745e-3	6.02366	1.46077
88.5002	12.80	-0.151445	473.460	-312629	-9.13668e-3	6.02388	1.42038
89.5002	12.71	-0.147848	460.572	-311517	-8.91972e-3	6.02410	1.38172
90.5002	12.64	-0.145232	448.195	-308606	-8.76188e-3	6.02426	1.34459
91.5002	12.56	-0.141264	434.974	-307914	-8.52251e-3	6.02450	1.30492
92.5002	12.47	-0.138221	422.420	-305611	-8.33893e-3	6.02468	1.26726
93.5002	12.38	-0.134317	409.287	-304717	-8.10337e-3	6.02492	1.22786
94.5002	12.29	-0.130586	394.231	-301892	-7.87830e-3	6.02514	1.18269
95.5002	12.21	-0.134127	410.771	-306255	-8.09193e-3	6.02493	1.23231
96.5002	12.14	-0.137803	509.343	-369618	-8.31366e-3	6.02471	1.52803
97.5002	12.03	-0.133851	535.870	-400349	-8.07524e-3	6.02494	1.60761
98.5002	11.93	-0.129132	525.941	-407289	-7.79057e-3	6.02523	1.57782
99.5002	11.85	-0.125520	506.652	-403643	-7.57265e-3	6.02545	1.51996
100.500	11.76	-0.121932	485.723	-398356	-7.35617e-3	6.02566	1.45717
101.500	11.69	-0.118833	465.225	-391493	-7.16925e-3	6.02585	1.39567
102.500	11.59	-0.115411	445.531	-386038	-6.96278e-3	6.02606	1.33659
103.500	11.52	-0.111696	425.737	-381155	-6.73866e-3	6.02628	1.27721
104.500	11.44	-0.108914	418.355	-384114	-6.57082e-3	6.02645	1.25507
105.500	11.34	-0.112487	459.675	-408648	-6.78635e-3	6.02623	1.37902
106.500	11.24	-0.107729	466.676	-433196	-6.49929e-3	6.02652	1.40003
107.500	11.15	-0.103168	453.820	-439883	-6.22416e-3	6.02680	1.36146
108.500	11.05	-0.0999276	431.560	-431873	-6.02865e-3	6.02699	1.29468
109.500	10.96	-0.0961417	404.553	-420789	-5.80025e-3	6.02722	1.21366
110.500	10.86	-0.0974458	410.968	-421740	-5.87893e-3	6.02714	1.23290
111.500	10.78	-0.0976592	442.578	-453186	-5.89180e-3	6.02713	1.32773
112.500	10.70	-0.0941420	453.166	-481364	-5.67961e-3	6.02734	1.35950
113.500	10.62	-0.0906090	438.850	-484334	-5.46646e-3	6.02755	1.31655
114.500	10.56	-0.0889888	425.682	-478354	-5.36871e-3	6.02765	1.27704
115.500	10.49	-0.0890757	431.269	-484160	-5.37395e-3	6.02764	1.29381
116.500	10.40	-0.0924111	485.405	-525267	-5.57518e-3	6.02744	1.45621
117.500	10.30	-0.0888465	500.204	-562998	-5.36013e-3	6.02766	1.50061
118.500	10.23	-0.0852661	486.571	-570650	-5.14412e-3	6.02788	1.45971
119.500	10.15	-0.0824998	465.333	-564042	-4.97723e-3	6.02804	1.39600
120.500	10.05	-0.0784214	440.885	-562199	-4.73118e-3	6.02829	1.32265
121.500	9.98	-0.0750860	414.732	-552343	-4.52995e-3	6.02849	1.24420
122.500	9.93	-0.0848156	458.189	-540218	-5.11694e-3	6.02790	1.37457
123.500	9.89	-0.0823654	520.778	-632278	-4.96912e-3	6.02805	1.56234
124.500	9.89	-0.0812035	526.698	-648615	-4.89903e-3	6.02812	1.58009
125.500	9.90	-0.0815987	520.532	-637917	-4.92287e-3	6.02810	1.56160
126.500	9.93	-0.0820334	513.034	-625397	-4.94909e-3	6.02807	1.53910
127.500	9.96	-0.0826815	504.186	-609793	-4.98819e-3	6.02803	1.51256
128.500	9.98	-0.0838197	495.123	-590700	-5.05686e-3	6.02796	1.48537
129.500	10.02	-0.0854321	491.529	-575345	-5.15413e-3	6.02786	1.47459

[step]
Temperature Sweep - 2
Angular frequency	Step time	Temperature	Oscillation strain	Oscillation stress	Tan(delta)	Storage modulus	Loss modulus
rad/s	s	°C	%	kPa		kPa	kPa
3.14159	4.00383	9.98	9.10455e-4	5.95615	-6.60476	97933.0	-646823
6.76836	14.5817	9.99	7.42720e-4	10.8841	0.0939387	1459020	137058
14.5820	24.0208	9.98	4.31545e-4	6.50331	0.0549326	1504710	82657.8
31.4159	32.7270	10.00	2.21461e-4	3.46115	0.0394302	1561660	61576.5
67.6836	41.3380	10.00	1.25321e-4	2.00028	0.0529888	1593890	84458.6
145.820	50.0740	9.99	1.04125e-4	1.75786	0.0519069	1685950	87512.5
314.159	58.7720	9.99	9.09548e-5	1.81366	-0.0244420	1993420	-48723.2
3.14159	286.686	20.04	1.26356e-3	12.4881	-0.0704365	985884	-69442.2
6.76836	297.252	20.02	1.03863e-3	13.6967	0.107340	1311190	140743
14.5820	306.688	20.02	6.23380e-4	8.59074	0.0902247	1372520	123835
31.4159	315.391	20.02	3.40517e-4	4.57916	0.100582	1338020	134581
67.6836	324.000	20.02	1.77186e-4	2.68664	0.0993862	1508840	149958
145.820	332.720	19.99	1.36586e-4	2.17184	0.0745793	1585680	118259
314.159	341.329	20.02	1.29672e-4	2.15446	0.174580	1636720	285740
3.14159	561.302	30.03	1.72433e-3	15.5665	0.0889570	899201	79990.2
6.76836	571.855	30.01	1.50563e-3	15.7752	0.136046	1038190	141241
14.5820	581.303	30.01	9.72816e-4	10.7639	0.120986	1098460	132898
31.4159	590.005	30.02	5.12885e-4	5.94878	0.112971	1152540	130204
67.6836	598.626	30.01	2.79465e-4	3.48875	0.124517	1238800	154252
145.820	607.348	30.01	1.95354e-4	2.57418	0.128479	1306960	167917
314.159	615.957	30.02	1.83085e-4	2.56221	0.211707	1369120	289852
3.14159	839.923	40.06	2.14197e-3	12.0027	0.152600	553945	84532.2
6.76836	850.476	39.98	2.01613e-3	14.2599	0.189065	694978	131396
14.5820	859.924	40.04	1.48459e-3	11.3790	0.169996	755635	128455
31.4159	868.626	40.04	8.21947e-4	6.83597	0.175592	819147	143836
67.6836	877.247	39.99	4.56457e-4	4.05518	0.152738	878218	134138
145.820	885.979	40.01	3.07600e-4	3.01374	0.169600	965966	163827
314.159	894.600	40.01	2.92320e-4	2.98887	0.240815	994050	239382
3.14159	1116.60	50.04	2.62331e-3	6.84058	0.318669	248451	79173.6
6.76836	1127.15	50.03	2.61210e-3	9.89882	0.299771	363001	108817
14.5820	1136.59	50.00	2.29867e-3	10.0294	0.276133	420575	116135
31.4159	1145.29	50.03	1.47142e-3	7.21114	0.260325	474274	123465
67.6836	1153.90	50.00	8.20884e-4	4.53702	0.250791	536097	134449
145.820	1162.63	50.01	5.55926e-4	3.36594	0.249683	587433	146672
314.159	1171.24	50.03	4.55420e-4	3.12058	0.301132	656105	197574
3.14159	1385.20	60.01	2.77852e-3	3.28482	0.595865	101559	60515.7
6.76836	1395.76	60.01	2.85976e-3	4.72609	0.485558	148663	72184.7
14.5820	1405.19	60.01	2.82743e-3	5.78619	0.448369	186734	83725.6
31.4159	1413.89	60.01	2.29369e-3	5.68238	0.416538	228693	95259.5
67.6836	1422.51	60.01	1.37614e-3	4.01877	0.405419	270636	109721
145.820	1431.23	60.06	9.31588e-4	3.21770	0.376344	323265	121659
314.159	1439.84	59.99	7.65048e-4	3.09980	0.415816	374122	155566
3.14159	1663.78	70.01	3.11477e-3	1.14954	0.709711	30096.7	21360.0
6.76836	1674.33	70.03	3.46034e-3	1.83230	0.731785	42731.9	31270.5
14.5820	1683.77	70.00	3.86068e-3	2.81668	0.700379	59759.0	41854.0
31.4159	1692.49	70.01	4.10360e-3	3.99070	0.649274	81564.6	52957.8
67.6836	1701.10	70.00	3.19451e-3	4.06060	0.618527	108104	66865.2
145.820	1709.82	70.03	2.22034e-3	3.61014	0.573331	141055	80871.5
314.159	1718.44	70.00	1.70448e-3	3.51497	0.609782	176067	107362
3.14159	1948.41	80.04	4.13501e-3	0.496050	0.427731	11029.7	4717.76
6.76836	1958.96	80.00	4.54610e-3	0.726010	0.590047	13754.1	8115.59
14.5820	1968.41	80.04	5.03236e-3	1.11655	0.724099	17970.9	13012.7
31.4159	1977.11	79.96	5.54204e-3	1.72025	0.803750	24193.9	19445.9
67.6836	1985.72	80.01	5.70228e-3	2.48184	0.829584	33497.5	27789.0
145.820	1994.43	80.04	5.17281e-3	3.17382	0.839988	46980.7	39463.2
314.159	2003.06	79.99	4.34172e-3	3.75236	0.879041	64911.8	57060.2
3.14159	2231.05	90.00	6.96576e-3	0.626088	0.115937	8928.27	1035.12
6.76836	2241.61	90.03	7.67588e-3	0.744899	0.216231	9485.21	2051.00
14.5820	2251.05	90.02	8.44194e-3	0.898068	0.327617	10109.5	3312.03
31.4159	2259.75	89.97	9.24333e-3	1.19474	0.465493	11718.1	5454.69
67.6836	2268.82	90.06	9.87474e-3	1.70472	0.548635	15135.3	8303.72
145.820	2277.53	89.98	0.0100756	2.23534	0.765791	17614.2	13488.8
314.159	2286.15	90.05	9.90157e-3	3.15708	0.913134	23545.3	21500.0
3.14159	2501.84	100.03	0.0130495	1.13822	3.65496e-4	8722.36	3.18799
6.76836	2512.39	99.99	0.0143534	1.27313	0.0569970	8855.52	504.738
14.5820	2521.84	100.02	0.0157557	1.42436	0.0975168	8997.59	877.416
31.4159	2530.54	100.05	0.0171934	1.61631	0.162861	9278.53	1511.11
67.6836	2539.15	99.95	0.0184372	1.78386	0.316627	9224.02	2920.57
145.820	2547.86	100.03	0.0194012	2.26229	0.423240	10738.4	4544.90
314.159	2556.48	100.03	0.0202299	2.93229	0.620672	12315.5	7643.89

