Filename	A25V75-3
Instrument name	4020-0324
Operator	AD
rundate	9/24/2026
Sample name	A25V75-3
Geometry name	Tension fixture (rectangle)
Procedure name	TMA IsoForce Temperature Ramp
	Flow Axial Test
	AutoTension AutoStrain Settings
	Standard Oscillatory Temperature Sweep
proceduresegments	TMA IsoForce Temperature Ramp#Flow Axial Test#Standard Oscillatory Temperature Sweep
[File Parameters]
Name	A25V75-3
Instrument type	RSAG2
Instrument serial number	4020-0324
Instrument name	4020-0324
Instrument location	Univ of Colorado
Company name	Univ of Colorado
Trios version	5.1.1.46572
File name	C:\ProgramData\TA Instruments\TRIOS\Data\Alex\A25V75-3.tri
Run date	9/24/2026 10:46:24 AM
Time at start of test	94.1803
[Geometry Parameters]
Geometry Type	Linear tension
Name	Tension fixture (rectangle)
Length	10.01 mm
Width	3.0 mm
Thickness	1.0 mm
Loading gap	10.01 mm
Notes	


[Geometry Extended Parameters]
Expansion coefficient	2.6 µm/°C
Move stage to maintain starting gap	Passive
Orientation Angle	0.0
Upper Compliance	0.0 µm/kg
Lower Compliance	0.0 µm/kg
Upper Geometry Mass	95.62 g
Stress constant (linear)	333333 Pa/N
Strain constant (linear)	99.9001 1/m
[Instrument Parameters]
GapZeroSetback	1000 [mm]
GapFast	0.0100000
GapSlow	1.00000e-5
Temperature limit	620.000 [°C]
[Firmware Versions]
Code Image Loader	V2018.5.29
Main Embedded Kernel	V2019.10.10
Power Board	V2017.1.11
Linear Encoder Board	V2017.1.11
Stepper / Rear Panel Board	V2017.1.11
Phase Fire Board	V2019.7.19
FCO PRT Board	V2011.9.7
[Calibration Date Information]
Phase angle correction calibration	8/7/2019 6:40 PM
Transducer static normal calibration	5/3/2024 1:39 PM
Filter lag correction calibration	3/2/2018 1:31 PM
Motor torque/motor force constant calibration	3/2/2018 12:07 PM
Actuator deflection scale constant calibration	3/2/2018 12:58 PM
Magnet temperature scaling factor calibration	3/6/2018 8:43 AM
Programmable gain amplifier calibration	3/2/2018 1:15 PM
[Calibration Parameters]
SPFrtScaleLow	370.8792
SPFrtScaleMid	3708.792
Transducer full scale	3708.792
SPNrmScale	1.549643
SPXducerMass	555.4000
SPXducerNormDamping	-0.93000
SPXducerNormSpringConst	1.500000
[Temperature Control Information]
TempOffsetTbl01	FCO/Upper Tool PRT offset 
TempOffsetTbl02	FCO/Lower Tool PRT offset 
TempOffsetTbl03	FCO/Middle PRT offset 
Temperature option	FCO/LN2
[step]
Temperature Ramp IsoForce - 1
Step time	Temperature	Strain	Stress	Modulus	Delta length	Gap	Force
s	°C	%	kPa	kPa	mm	mm	N
0.500163	19.57	-0.112026	297.249	-265339	-0.0112638	10.0434	0.891748
1.50016	19.54	-0.107189	1229.25	-1146810	-0.0107775	10.0439	3.68776
2.50016	19.51	-0.108337	1148.15	-1059800	-0.0108929	10.0438	3.44445
3.50016	19.49	-0.108384	1040.10	-959645	-0.0108976	10.0438	3.12031
4.50016	19.41	-0.106933	964.348	-901825	-0.0107517	10.0439	2.89304
5.50016	19.27	-0.105520	902.839	-855613	-0.0106096	10.0440	2.70852
6.50016	19.14	-0.101593	844.909	-831661	-0.0102148	10.0444	2.53473
7.50016	19.02	-0.0984913	789.787	-801885	-9.90295e-3	10.0447	2.36936
8.50016	18.90	-0.0953139	743.825	-780395	-9.58347e-3	10.0451	2.23147
9.50016	18.78	-0.0929047	703.797	-757547	-9.34124e-3	10.0453	2.11139
10.5002	18.72	-0.0904860	670.838	-741372	-9.09805e-3	10.0456	2.01252
11.5002	18.68	-0.0888167	642.750	-723681	-8.93021e-3	10.0457	1.92825
12.5002	18.57	-0.0870620	615.738	-707241	-8.75378e-3	10.0459	1.84721
13.5002	18.51	-0.0852599	587.198	-688716	-8.57258e-3	10.0461	1.76159
14.5002	18.41	-0.0835810	559.100	-668931	-8.40378e-3	10.0462	1.67730
15.5002	18.36	-0.0809822	534.384	-659879	-8.14247e-3	10.0465	1.60315
16.5002	18.27	-0.0800052	513.095	-641327	-8.04424e-3	10.0466	1.53929
17.5002	18.21	-0.0774443	487.167	-629055	-7.78675e-3	10.0469	1.46150
18.5002	18.14	-0.0762776	464.320	-608724	-7.66945e-3	10.0470	1.39296
19.5002	18.04	-0.0743807	441.371	-593395	-7.47871e-3	10.0472	1.32411
20.5002	17.96	-0.0718387	417.259	-580828	-7.22313e-3	10.0474	1.25178
21.5002	17.90	-0.0699512	392.706	-561399	-7.03335e-3	10.0476	1.17812
22.5002	17.84	-0.0687277	372.796	-542426	-6.91032e-3	10.0477	1.11839
23.5002	17.75	-0.0670204	353.323	-527188	-6.73866e-3	10.0479	1.05997
24.5002	17.69	-0.0637576	322.629	-506025	-6.41060e-3	10.0482	0.967887
25.5002	17.63	-0.0572604	251.922	-439959	-5.75733e-3	10.0489	0.755766
26.5002	17.52	-0.0557238	215.788	-387245	-5.60284e-3	10.0490	0.647363
27.5002	17.43	-0.0527740	195.266	-370005	-5.30624e-3	10.0493	0.585799
28.5002	17.36	-0.0508581	176.338	-346726	-5.11360e-3	10.0495	0.529014
29.5002	17.26	-0.0488852	156.875	-320905	-4.91524e-3	10.0497	0.470625
30.5002	17.20	-0.0463053	138.166	-298379	-4.65584e-3	10.0500	0.414497
31.5002	17.14	-0.0452146	124.366	-275057	-4.54617e-3	10.0501	0.373098
32.5002	17.07	-0.0435263	108.816	-250001	-4.37641e-3	10.0503	0.326449
33.5002	16.98	-0.0413163	89.9630	-217742	-4.15421e-3	10.0505	0.269889
34.5002	16.89	-0.0390873	69.8058	-178589	-3.93009e-3	10.0507	0.209417
35.5002	16.82	-0.0372283	50.6017	-135923	-3.74317e-3	10.0509	0.151805
36.5002	16.77	-0.0360047	35.1084	-97510.7	-3.62015e-3	10.0510	0.105325
37.5002	16.69	-0.0335955	18.8869	-56218.6	-3.37791e-3	10.0513	0.0566608
38.5002	16.63	-0.0322392	3.69762	-11469.3	-3.24154e-3	10.0514	0.0110929
39.5002	16.56	-0.0308734	-11.9377	38666.5	-3.10421e-3	10.0515	-0.0358130
40.5002	16.46	-0.0288246	-30.1749	104684	-2.89822e-3	10.0518	-0.0905246
41.5002	16.39	-0.0265957	-51.2036	192526	-2.67410e-3	10.0520	-0.153611
42.5002	16.29	-0.0243288	-73.3121	301339	-2.44617e-3	10.0522	-0.219936
43.5002	16.18	-0.0214928	-96.9026	450861	-2.16103e-3	10.0525	-0.290708
44.5002	16.11	-0.0199468	-116.881	585967	-2.00558e-3	10.0526	-0.350644
45.5002	16.02	-0.0175566	-133.195	758661	-1.76525e-3	10.0529	-0.399584
46.5002	15.96	-0.0155268	-147.288	948605	-1.56116e-3	10.0531	-0.441864
47.5002	15.84	-0.0135350	-162.521	1200750	-1.36089e-3	10.0533	-0.487564
48.5002	15.75	-0.0105852	-184.380	1741870	-1.06430e-3	10.0536	-0.553139
49.5002	15.71	-9.23830e-3	-201.029	2176040	-9.28879e-4	10.0537	-0.603087
50.5002	15.63	-7.31287e-3	-216.376	2958840	-7.35283e-4	10.0539	-0.649128
51.5002	15.54	-5.44434e-3	-233.528	4289370	-5.47409e-4	10.0541	-0.700583
52.5002	15.47	-3.79396e-3	-249.461	6575190	-3.81470e-4	10.0543	-0.748382
53.5002	15.39	-1.93492e-3	-265.839	1.37390e7	-1.94550e-4	10.0545	-0.797516
54.5002	15.32	-1.51759e-4	-282.967	1.86459e8	-1.52588e-5	10.0546	-0.848901
55.5002	15.21	2.30483e-3	-299.248	-1.29835e7	2.31743e-4	10.0549	-0.897743
56.5002	15.12	3.80345e-3	-316.396	-8318660	3.82423e-4	10.0550	-0.949188
57.5002	15.06	9.95915e-3	-307.748	-3090100	1.00136e-3	10.0557	-0.923243
58.5002	14.96	-0.0489990	145.049	-296024	-4.92668e-3	10.0497	0.435147
59.5002	14.90	-0.0598593	501.318	-837495	-6.01864e-3	10.0486	1.50396
60.5002	14.83	-0.0586736	480.486	-818913	-5.89943e-3	10.0487	1.44146
61.5002	14.76	-0.0565490	422.338	-746852	-5.68581e-3	10.0490	1.26701
62.5002	14.69	-0.0548417	378.125	-689483	-5.51414e-3	10.0491	1.13437
63.5002	14.54	-0.0523377	338.413	-646595	-5.26237e-3	10.0494	1.01524
64.5002	14.43	-0.0493784	299.992	-607537	-4.96483e-3	10.0497	0.899977
65.5002	14.38	-0.0467416	264.958	-566857	-4.69971e-3	10.0499	0.794875
66.5002	14.30	-0.0460777	245.188	-532118	-4.63295e-3	10.0500	0.735563
67.5002	14.22	-0.0495492	273.220	-551412	-4.98199e-3	10.0497	0.819660
68.5002	14.13	-0.0477660	264.929	-554639	-4.80270e-3	10.0498	0.794786
69.5002	14.07	-0.0465045	238.148	-512097	-4.67587e-3	10.0500	0.714444
70.5002	14.01	-0.0444842	210.331	-472821	-4.47273e-3	10.0502	0.630992
71.5002	13.93	-0.0431943	184.549	-427254	-4.34303e-3	10.0503	0.553648
72.5002	13.86	-0.0411266	160.442	-390118	-4.13513e-3	10.0505	0.481327
73.5002	13.80	-0.0401496	139.778	-348142	-4.03690e-3	10.0506	0.419333
74.5002	13.71	-0.0377689	113.853	-301446	-3.79753e-3	10.0509	0.341559
75.5002	13.64	-0.0363177	87.6194	-241258	-3.65162e-3	10.0510	0.262858
76.5002	13.49	-0.0333395	60.6566	-181936	-3.35217e-3	10.0513	0.181970
77.5002	13.39	-0.0302189	31.4921	-104213	-3.03841e-3	10.0516	0.0944762
78.5002	13.32	-0.0344776	67.6594	-196241	-3.46661e-3	10.0512	0.202978
79.5002	13.25	-0.0570612	308.733	-541056	-5.73730e-3	10.0489	0.926199
80.5002	13.17	-0.0558851	382.924	-685199	-5.61905e-3	10.0490	1.14877
81.5002	13.11	-0.0533147	350.670	-657736	-5.36060e-3	10.0493	1.05201
82.5002	13.06	-0.0520721	316.329	-607482	-5.23567e-3	10.0494	0.948986
83.5002	12.99	-0.0510857	288.264	-564276	-5.13649e-3	10.0495	0.864793
84.5002	12.90	-0.0485627	256.093	-527344	-4.88281e-3	10.0498	0.768278
85.5002	12.82	-0.0471779	227.330	-481858	-4.74358e-3	10.0499	0.681991
86.5002	12.75	-0.0451007	198.280	-439639	-4.53472e-3	10.0501	0.594841
87.5002	12.68	-0.0434599	172.304	-396467	-4.36974e-3	10.0503	0.516912
88.5002	12.53	-0.0403773	141.492	-350425	-4.05979e-3	10.0506	0.424476
89.5002	12.44	-0.0379871	111.031	-292285	-3.81947e-3	10.0508	0.333092
90.5002	12.36	-0.0356633	86.8805	-243613	-3.58582e-3	10.0511	0.260641
91.5002	12.26	-0.0392580	116.014	-295517	-3.94726e-3	10.0507	0.348042
92.5002	12.16	-0.0595178	324.620	-545416	-5.98431e-3	10.0487	0.973859
93.5002	12.07	-0.0576303	393.705	-683156	-5.79453e-3	10.0489	1.18111
94.5002	11.98	-0.0553160	360.513	-651733	-5.56183e-3	10.0491	1.08154
95.5002	11.88	-0.0530301	316.184	-596234	-5.33199e-3	10.0493	0.948551
96.5002	11.84	-0.0511521	280.664	-548685	-5.14317e-3	10.0495	0.841992
97.5002	11.78	-0.0498811	256.626	-514476	-5.01537e-3	10.0496	0.769879
98.5002	11.70	-0.0484489	230.503	-475765	-4.87137e-3	10.0498	0.691509
99.5002	11.66	-0.0467511	202.777	-433738	-4.70066e-3	10.0499	0.608332
100.500	11.55	-0.0453189	177.647	-391993	-4.55666e-3	10.0501	0.532941
101.500	11.45	-0.0421415	146.304	-347174	-4.23717e-3	10.0504	0.438913
102.500	11.35	-0.0396185	115.318	-291071	-3.98350e-3	10.0507	0.345953
103.500	11.29	-0.0379017	89.5627	-236302	-3.81088e-3	10.0508	0.268688
104.500	11.23	-0.0363651	66.6031	-183151	-3.65639e-3	10.0510	0.199809
105.500	11.19	-0.0354925	46.1241	-129954	-3.56865e-3	10.0511	0.138372
106.500	11.05	-0.0371429	63.9609	-172202	-3.73459e-3	10.0509	0.191883
107.500	10.97	-0.0691829	347.297	-501998	-6.95610e-3	10.0477	1.04189
108.500	10.89	-0.0674472	497.359	-737405	-6.78158e-3	10.0479	1.49208
109.500	10.81	-0.0649337	465.487	-716865	-6.52885e-3	10.0481	1.39646
110.500	10.70	-0.0622210	417.312	-670693	-6.25610e-3	10.0484	1.25194
111.500	10.64	-0.0610354	376.247	-616441	-6.13689e-3	10.0485	1.12874
112.500	10.56	-0.0591669	341.057	-576432	-5.94902e-3	10.0487	1.02317
113.500	10.51	-0.0577157	308.599	-534688	-5.80311e-3	10.0488	0.925796
114.500	10.44	-0.0562265	279.683	-497422	-5.65338e-3	10.0490	0.839049
115.500	10.36	-0.0542252	249.760	-460596	-5.45216e-3	10.0492	0.749278
116.500	10.25	-0.0521860	220.367	-422272	-5.24712e-3	10.0494	0.661100
117.500	10.15	-0.0495207	187.122	-377866	-4.97913e-3	10.0497	0.561366
118.500	10.01	-0.0465994	152.281	-326789	-4.68540e-3	10.0500	0.456844
119.500	9.88	-0.0433650	113.362	-261413	-4.36020e-3	10.0503	0.340086
120.500	9.77	-0.0403393	79.2894	-196556	-4.05598e-3	10.0506	0.237868
121.500	9.68	-0.0378638	51.0191	-134744	-3.80707e-3	10.0508	0.153057
122.500	9.57	-0.0356158	23.6987	-66539.8	-3.58105e-3	10.0511	0.0710961
123.500	9.50	-0.0331592	-2.79882	8440.53	-3.33405e-3	10.0513	-8.39645e-3
124.500	9.47	-0.0318124	-24.1386	75878.0	-3.19862e-3	10.0514	-0.0724158
125.500	9.43	-0.0308449	-38.2074	123869	-3.10135e-3	10.0515	-0.114622
126.500	9.40	-0.0301525	-54.1850	179703	-3.03173e-3	10.0516	-0.162555
127.500	9.34	-0.0288721	-71.2643	246828	-2.90298e-3	10.0517	-0.213793
128.500	9.31	-0.0279331	-91.8703	328895	-2.80857e-3	10.0518	-0.275611
129.500	9.22	-0.0269751	-112.593	417397	-2.71225e-3	10.0519	-0.337779
130.500	9.13	-0.0322961	-67.0693	207670	-3.24726e-3	10.0514	-0.201208
131.500	8.98	-0.0703211	370.109	-526312	-7.07054e-3	10.0476	1.11033
132.500	8.89	-0.0662616	500.766	-755741	-6.66237e-3	10.0480	1.50230
133.500	8.80	-0.0642792	459.786	-715295	-6.46305e-3	10.0482	1.37936
134.500	8.72	-0.0618701	405.641	-655634	-6.22082e-3	10.0484	1.21692
135.500	8.62	-0.0604189	359.988	-595820	-6.07491e-3	10.0486	1.07996
136.500	8.57	-0.0582089	320.881	-551258	-5.85270e-3	10.0488	0.962643
137.500	8.46	-0.0561886	283.517	-504581	-5.64957e-3	10.0490	0.850551
138.500	8.38	-0.0541399	246.875	-455995	-5.44357e-3	10.0492	0.740624
139.500	8.30	-0.0527835	227.381	-430781	-5.30720e-3	10.0493	0.682144
140.500	8.21	-0.0558661	253.671	-454070	-5.61714e-3	10.0490	0.761014
141.500	8.12	-0.0546046	251.414	-460426	-5.49030e-3	10.0492	0.754241
142.500	8.03	-0.0534000	236.723	-443301	-5.36919e-3	10.0493	0.710168
143.500	7.94	-0.0529922	231.199	-436288	-5.32818e-3	10.0493	0.693596
144.500	7.85	-0.0604758	295.320	-488328	-6.08063e-3	10.0486	0.885961
145.500	7.77	-0.0581899	307.036	-527644	-5.85079e-3	10.0488	0.921107
146.500	7.71	-0.0567672	281.433	-495766	-5.70774e-3	10.0489	0.844298
147.500	7.60	-0.0556764	254.934	-457885	-5.59807e-3	10.0491	0.764802
148.500	7.53	-0.0530301	220.631	-416049	-5.33199e-3	10.0493	0.661894
149.500	7.47	-0.0521196	193.623	-371497	-5.24044e-3	10.0494	0.580868
150.500	7.38	-0.0521101	195.989	-376105	-5.23949e-3	10.0494	0.587966
151.500	7.25	-0.0653131	328.944	-503641	-6.56700e-3	10.0481	0.986831
152.500	7.17	-0.0629513	362.979	-576603	-6.32954e-3	10.0483	1.08894
153.500	7.12	-0.0608647	329.669	-541642	-6.11973e-3	10.0485	0.989006
154.500	7.08	-0.0601059	297.102	-494297	-6.04343e-3	10.0486	0.891305
155.500	7.01	-0.0589297	269.094	-456635	-5.92518e-3	10.0487	0.807282
156.500	6.92	-0.0571940	239.935	-419511	-5.75066e-3	10.0489	0.719805
157.500	6.79	-0.0632074	278.745	-441001	-6.35529e-3	10.0483	0.836236
158.500	6.73	-0.0610923	306.085	-501021	-6.14262e-3	10.0485	0.918256
159.500	6.65	-0.0595463	281.932	-473467	-5.98717e-3	10.0487	0.845796
160.500	6.53	-0.0574501	251.284	-437394	-5.77641e-3	10.0489	0.753851
161.500	6.45	-0.0609975	271.192	-444595	-6.13308e-3	10.0485	0.813574
162.500	6.40	-0.0610828	299.411	-490173	-6.14166e-3	10.0485	0.898234
163.500	6.28	-0.0589582	274.810	-466110	-5.92804e-3	10.0487	0.824429
164.500	6.17	-0.0584934	253.102	-432702	-5.88131e-3	10.0488	0.759307
165.500	6.09	-0.0639757	290.970	-454814	-6.43253e-3	10.0482	0.872911
166.500	6.01	-0.0622305	313.864	-504358	-6.25706e-3	10.0484	0.941593
167.500	5.95	-0.0605706	289.567	-478065	-6.09016e-3	10.0486	0.868700
168.500	5.86	-0.0589677	259.168	-439509	-5.92899e-3	10.0487	0.777505
169.500	5.77	-0.0569284	228.045	-400582	-5.72395e-3	10.0489	0.684134
170.500	5.70	-0.0636248	273.125	-429274	-6.39725e-3	10.0483	0.819375
171.500	5.59	-0.0625625	308.886	-493723	-6.29044e-3	10.0484	0.926657
172.500	5.50	-0.0612630	288.525	-470961	-6.15978e-3	10.0485	0.865575
173.500	5.45	-0.0591384	254.379	-430142	-5.94616e-3	10.0487	0.763137
174.500	5.40	-0.0585693	231.093	-394564	-5.88894e-3	10.0488	0.693280
175.500	5.36	-0.0580951	211.076	-363328	-5.84126e-3	10.0488	0.633228
176.500	5.25	-0.0610069	231.321	-379172	-6.13403e-3	10.0485	0.693963
177.500	5.15	-0.0671626	331.858	-494110	-6.75297e-3	10.0479	0.995573
178.500	5.06	-0.0646681	330.142	-510518	-6.50215e-3	10.0481	0.990427
179.500	4.98	-0.0631316	295.129	-467482	-6.34766e-3	10.0483	0.885386
180.500	4.89	-0.0606750	259.177	-427156	-6.10065e-3	10.0485	0.777531
181.500	4.81	-0.0599921	228.858	-381481	-6.03199e-3	10.0486	0.686575
182.500	4.74	-0.0577821	199.394	-345079	-5.80978e-3	10.0488	0.598182
183.500	4.60	-0.0565870	183.875	-324941	-5.68962e-3	10.0490	0.551624
184.500	4.53	-0.0679878	277.625	-408345	-6.83594e-3	10.0478	0.832874
185.500	4.41	-0.0676843	358.261	-529312	-6.80542e-3	10.0478	1.07478
186.500	4.34	-0.0654174	335.256	-512487	-6.57749e-3	10.0481	1.00577
187.500	4.23	-0.0629513	293.363	-466015	-6.32954e-3	10.0483	0.880088
188.500	4.14	-0.0606750	252.983	-416948	-6.10065e-3	10.0485	0.758949
189.500	4.09	-0.0592143	218.749	-369420	-5.95379e-3	10.0487	0.656248
190.500	4.04	-0.0584555	193.471	-330971	-5.87749e-3	10.0488	0.580413
191.500	3.96	-0.0639473	235.294	-367950	-6.42967e-3	10.0482	0.705883
192.500	3.89	-0.0709282	367.160	-517651	-7.13158e-3	10.0475	1.10148
193.500	3.82	-0.0694390	372.213	-536028	-6.98185e-3	10.0477	1.11664
194.500	3.75	-0.0675990	335.816	-496776	-6.79684e-3	10.0479	1.00745
195.500	3.63	-0.0656261	293.724	-447571	-6.59847e-3	10.0480	0.881171
196.500	3.53	-0.0630841	249.400	-395345	-6.34289e-3	10.0483	0.748200
197.500	3.40	-0.0600110	204.559	-340870	-6.03390e-3	10.0486	0.613678
198.500	3.32	-0.0581235	165.037	-283941	-5.84412e-3	10.0488	0.495110
199.500	3.19	-0.0552117	129.407	-234384	-5.55134e-3	10.0491	0.388222
200.500	3.09	-0.0522144	94.3794	-180754	-5.24998e-3	10.0494	0.283138
201.500	3.01	-0.0674377	218.280	-323677	-6.78062e-3	10.0479	0.654840
202.500	2.95	-0.0797965	509.197	-638119	-8.02326e-3	10.0466	1.52759
203.500	2.89	-0.0782600	538.570	-688181	-7.86877e-3	10.0468	1.61571
204.500	2.84	-0.0770080	500.676	-650161	-7.74288e-3	10.0469	1.50203
205.500	2.74	-0.0756042	456.084	-603252	-7.60174e-3	10.0470	1.36825
206.500	2.67	-0.0734511	409.827	-557958	-7.38525e-3	10.0473	1.22948
207.500	2.65	-0.0724837	373.586	-515408	-7.28798e-3	10.0474	1.12076
208.500	2.59	-0.0715257	342.665	-479079	-7.19166e-3	10.0475	1.02799
209.500	2.53	-0.0698658	310.888	-444978	-7.02477e-3	10.0476	0.932663
210.500	2.43	-0.0684716	279.542	-408260	-6.88457e-3	10.0478	0.838625
211.500	2.35	-0.0661478	242.281	-366273	-6.65092e-3	10.0480	0.726843
212.500	2.26	-0.0639188	204.185	-319445	-6.42681e-3	10.0482	0.612556
213.500	2.16	-0.0621926	169.656	-272792	-6.25324e-3	10.0484	0.508968
214.500	2.07	-0.0599826	135.060	-225165	-6.03104e-3	10.0486	0.405180
215.500	2.00	-0.0575165	101.116	-175803	-5.78308e-3	10.0489	0.303347
216.500	1.87	-0.0545951	63.6744	-116630	-5.48935e-3	10.0492	0.191023
217.500	1.78	-0.0525464	25.4520	-48437.2	-5.28336e-3	10.0494	0.0763560
218.500	1.65	-0.0493595	-11.1903	22671.0	-4.96292e-3	10.0497	-0.0335709
219.500	1.59	-0.0471021	-47.1277	100054	-4.73595e-3	10.0499	-0.141383
220.500	1.50	-0.0454422	-75.8602	166938	-4.56905e-3	10.0501	-0.227581
221.500	1.38	-0.0437539	-107.612	245949	-4.39930e-3	10.0502	-0.322837
222.500	1.26	-0.0402065	-144.600	359643	-4.04263e-3	10.0506	-0.433800
223.500	1.20	-0.0376835	-179.407	476087	-3.78895e-3	10.0509	-0.538220
224.500	1.16	-0.0570233	-29.1450	51110.8	-5.73349e-3	10.0489	-0.0874351
225.500	1.08	-0.0840173	448.937	-534338	-8.44765e-3	10.0462	1.34681
226.500	1.01	-0.0814374	565.659	-694594	-8.18825e-3	10.0465	1.69698
227.500	0.95	-0.0796353	535.026	-671845	-8.00705e-3	10.0466	1.60508
228.500	0.89	-0.0783738	483.776	-617267	-7.88021e-3	10.0468	1.45133
229.500	0.81	-0.0767140	434.234	-566042	-7.71332e-3	10.0469	1.30270
230.500	0.71	-0.0747506	387.935	-518973	-7.51591e-3	10.0471	1.16381
231.500	0.62	-0.0722845	341.624	-472611	-7.26795e-3	10.0474	1.02487
232.500	0.54	-0.0703306	299.759	-426214	-7.07150e-3	10.0476	0.899276
233.500	0.43	-0.0680732	257.882	-378830	-6.84452e-3	10.0478	0.773646
234.500	0.37	-0.0662805	219.532	-331216	-6.66428e-3	10.0480	0.658596
235.500	0.27	-0.0651329	199.829	-306801	-6.54888e-3	10.0481	0.599486
236.500	0.16	-0.0677317	230.694	-340599	-6.81019e-3	10.0478	0.692082
237.500	0.08	-0.0739538	320.271	-433069	-7.43580e-3	10.0472	0.960814
238.500	0.00	-0.0738685	336.061	-454945	-7.42722e-3	10.0472	1.00818
239.500	-0.09	-0.0704919	304.302	-431684	-7.08771e-3	10.0476	0.912906
240.500	-0.18	-0.0687656	262.247	-381363	-6.91414e-3	10.0477	0.786740
241.500	-0.26	-0.0660150	219.962	-333201	-6.63757e-3	10.0480	0.659887
242.500	-0.32	-0.0644310	191.187	-296731	-6.47831e-3	10.0482	0.573561
243.500	-0.33	-0.0774727	292.597	-377678	-7.78961e-3	10.0469	0.877792
244.500	-0.32	-0.0784781	390.419	-497487	-7.89070e-3	10.0468	1.17126
245.500	-0.29	-0.0789524	398.489	-504721	-7.93839e-3	10.0467	1.19547
246.500	-0.22	-0.0802139	387.937	-483628	-8.06522e-3	10.0466	1.16381
247.500	-0.16	-0.0818073	381.280	-466070	-8.22544e-3	10.0464	1.14384
248.500	-0.11	-0.0837328	376.826	-450034	-8.41904e-3	10.0462	1.13048
249.500	-0.05	-0.0850512	368.326	-433064	-8.55160e-3	10.0461	1.10498

[step]
Temperature Sweep - 2
Angular frequency	Step time	Temperature	Oscillation strain	Oscillation stress	Tan(delta)	Storage modulus	Loss modulus
rad/s	s	°C	%	kPa		kPa	kPa
3.14159	4.00367	-0.02	4.74728e-4	9.13191	0.0352240	1922420	67715.2
6.76836	14.5596	-0.01	3.84862e-4	8.37991	0.0835678	2169810	181327
14.5820	24.0089	0.00	2.40142e-4	5.21581	0.0647938	2167420	140436
31.4159	32.7152	-0.02	1.32432e-4	2.81425	0.0578589	2121500	122747
67.6836	41.3220	-0.02	8.76694e-5	1.89227	0.324295	2053150	665826
145.820	50.0418	0.00	6.67428e-5	1.47830	0.107964	2202120	237751
314.159	58.6510	-0.02	6.51078e-5	1.45814	0.132026	2220320	293139
3.14159	256.593	5.01	6.97761e-4	12.3921	0.118132	1763720	208352
6.76836	267.147	5.03	5.93911e-4	11.1925	0.0790131	1878680	148441
14.5820	276.594	5.01	3.79542e-4	7.45369	0.0768572	1958090	150493
31.4159	285.308	4.99	2.04021e-4	4.11136	0.0471993	2012930	95008.9
67.6836	293.929	5.01	1.36744e-4	2.50156	0.0883114	1822280	160928
145.820	302.659	5.01	9.30452e-5	1.94317	0.0831371	2081230	173028
314.159	311.270	5.00	8.89755e-5	1.93661	0.148142	2153070	318960
3.14159	509.210	10.02	9.37566e-4	15.5064	0.104134	1645010	171301
6.76836	519.764	10.03	8.09096e-4	14.1109	0.0796318	1738530	138443
14.5820	529.211	10.01	5.31243e-4	9.62214	0.0751327	1806160	135702
31.4159	537.925	10.01	2.90095e-4	5.30464	0.0485429	1826440	88660.6
67.6836	546.536	10.01	1.62133e-4	3.13788	0.0449840	1933420	86973.0
145.820	555.268	10.01	1.25275e-4	2.46038	0.0846909	1956970	165738
314.159	563.877	10.01	1.21943e-4	2.45811	0.146102	1994610	291417
3.14159	761.851	15.02	1.21916e-3	19.5619	0.118942	1593310	189511
6.76836	772.417	15.02	1.07728e-3	16.9069	0.0950828	1562360	148553
14.5820	781.854	15.02	7.31390e-4	11.9629	0.0863066	1629580	140643
31.4159	790.559	15.02	3.94896e-4	6.81365	0.0922645	1718130	158523
67.6836	799.167	15.01	2.40755e-4	4.08072	0.0924871	1687770	156096
145.820	807.889	15.01	1.63280e-4	2.95865	0.102340	1802590	184478
314.159	816.511	15.01	1.58529e-4	2.94066	0.155279	1833010	284627
3.14159	1016.46	20.02	1.48363e-3	19.1682	0.0782835	1288040	100832
6.76836	1027.03	20.02	1.34864e-3	18.7353	0.109415	1380950	151098
14.5820	1036.47	20.02	9.50215e-4	13.8544	0.0979592	1451080	142147
31.4159	1045.17	20.01	5.47600e-4	7.93414	0.0690389	1445450	99792.5
67.6836	1053.78	20.02	2.99284e-4	4.79564	0.100430	1594350	160120
145.820	1062.50	20.01	2.12346e-4	3.54059	0.115864	1656290	191905
314.159	1071.12	20.00	1.87405e-4	3.20764	0.182894	1683680	307934
3.14159	1269.08	25.03	1.54734e-3	17.6174	0.119140	1130560	134695
6.76836	1279.63	25.02	1.43482e-3	17.5229	0.116004	1213130	140728
14.5820	1289.07	25.02	1.05830e-3	13.6850	0.111332	1285170	143081
31.4159	1297.77	25.01	5.90426e-4	8.22817	0.134507	1381160	185776
67.6836	1306.38	25.02	3.33057e-4	4.80419	0.0460652	1440920	66376.4
145.820	1315.11	25.00	2.44767e-4	3.61375	0.129623	1464160	189788
314.159	1323.72	25.01	2.10627e-4	3.29585	0.190479	1537140	292793
3.14159	1519.64	30.03	1.57871e-3	14.3122	0.125912	899474	113254
6.76836	1530.20	30.02	1.49208e-3	15.5590	0.137157	1033100	141698
14.5820	1539.64	30.02	1.15862e-3	12.8395	0.133155	1098480	146268
31.4159	1548.35	30.01	6.74747e-4	8.00336	0.128353	1176480	151005
67.6836	1556.96	30.02	3.86761e-4	4.90018	0.208371	1240340	258450
145.820	1565.68	30.00	2.72654e-4	3.56376	0.135153	1295280	175062
314.159	1574.29	30.02	2.31644e-4	3.23559	0.190547	1372110	261451
3.14159	1774.22	35.02	1.63859e-3	10.7843	0.148746	650986	96831.7
6.76836	1784.78	35.02	1.58284e-3	13.4561	0.169877	838118	142377
14.5820	1798.52	35.01	1.29178e-3	11.9223	0.157161	911744	143290
31.4159	1814.41	35.02	7.90772e-4	7.86602	0.153230	983251	150664
67.6836	1823.01	35.00	4.53555e-4	4.81396	0.161182	1047860	168896
145.820	1831.73	35.00	3.22617e-4	3.60325	0.168204	1101410	185261
314.159	1840.35	35.01	2.76345e-4	3.30700	0.220111	1168720	257247
3.14159	2038.31	40.03	1.65502e-3	6.92651	0.177776	412054	73253.2
6.76836	2051.65	40.03	1.63713e-3	10.4374	0.219580	622706	136734
14.5820	2065.85	40.01	1.43507e-3	10.1457	0.203233	692817	140803
31.4159	2079.35	40.02	9.43644e-4	7.30685	0.190977	760577	145253
67.6836	2087.96	40.01	5.44728e-4	4.60795	0.193500	830513	160704
145.820	2096.69	40.02	3.83019e-4	3.50034	0.203436	895539	182185
314.159	2105.31	39.99	3.24699e-4	3.20952	0.255379	957724	244583
3.14159	2303.26	45.02	1.72150e-3	4.78649	0.294671	266704	78589.8
6.76836	2315.67	45.02	1.72408e-3	7.88091	0.284257	439690	124985
14.5820	2328.96	45.02	1.60119e-3	8.37147	0.266297	505222	134539
31.4159	2341.06	45.01	1.15083e-3	6.76796	0.249110	570655	142156
67.6836	2354.34	45.00	6.99140e-4	4.57985	0.234491	637769	149551
145.820	2366.21	45.00	4.82278e-4	3.48929	0.237474	703925	167164
314.159	2378.52	45.00	4.02166e-4	3.18891	0.293325	760877	223184
3.14159	2576.45	50.03	1.79632e-3	3.25905	0.479593	163588	78455.8
6.76836	2588.86	50.02	1.85537e-3	5.79388	0.363914	293449	106790
14.5820	2598.71	50.01	1.79456e-3	6.66804	0.333146	352522	117441
31.4159	2609.19	50.00	1.42486e-3	6.12781	0.308139	410993	126643
67.6836	2619.75	50.01	9.04659e-4	4.43021	0.292929	469962	137665
145.820	2629.97	50.00	6.23171e-4	3.43524	0.290160	529415	153615
314.159	2641.07	50.02	5.11480e-4	3.20961	0.332971	595377	198243
3.14159	2838.98	55.04	1.90386e-3	2.15198	0.577578	97879.1	56532.8
6.76836	2849.54	55.01	2.11652e-3	4.25665	0.471653	181899	85793.2
14.5820	2858.98	55.01	2.10568e-3	5.21750	0.423836	228136	96692.5
31.4159	2872.28	55.01	1.83216e-3	5.46102	0.381617	278476	106271
67.6836	2880.88	55.00	1.25854e-3	4.42716	0.356595	331334	118152
145.820	2893.22	55.01	8.71321e-4	3.55496	0.350451	385037	134937
314.159	2905.40	55.02	7.08246e-4	3.38313	0.394656	444326	175356
3.14159	3103.34	60.04	2.09211e-3	1.71084	0.688825	67345.1	46389.0
6.76836	3119.48	60.03	2.31434e-3	2.83736	0.580445	106032	61545.5
14.5820	3128.91	60.02	2.56737e-3	4.06810	0.529935	140009	74195.7
31.4159	3137.62	59.99	2.39673e-3	4.76367	0.486407	178735	86937.9
67.6836	3146.23	60.02	1.80627e-3	4.36232	0.449133	220310	98948.3
145.820	3154.95	60.00	1.28268e-3	3.78277	0.441833	269755	119187
314.159	3163.56	59.99	1.03007e-3	3.66488	0.464223	322711	149810
3.14159	3361.49	65.04	2.51948e-3	1.23150	0.795343	38255.0	30425.9
6.76836	3372.04	65.01	2.79260e-3	1.95409	0.705779	57169.2	40348.8
14.5820	3381.48	64.99	3.10052e-3	2.94668	0.649641	79697.3	51774.6
31.4159	3390.19	65.03	3.32881e-3	4.14650	0.603824	106633	64387.3
67.6836	3398.81	65.01	2.76231e-3	4.39702	0.544778	139782	76150.4
145.820	3407.54	65.00	2.04411e-3	4.18728	0.542274	180074	97649.2
314.159	3416.17	65.01	1.63822e-3	4.18284	0.563291	222462	125311
3.14159	3614.10	70.02	3.35584e-3	0.903887	0.718880	21870.1	15722.0
6.76836	3624.65	70.03	3.69583e-3	1.41325	0.773963	30239.9	23404.6
14.5820	3634.08	69.99	4.09957e-3	2.19314	0.756448	42665.0	32273.8
31.4159	3642.79	70.03	4.48945e-3	3.33574	0.722538	60225.9	43515.5
67.6836	3651.40	70.01	4.03338e-3	4.05338	0.672203	83404.0	56064.4
145.820	3660.12	69.98	3.19033e-3	4.29087	0.633814	113600	72001.4
314.159	3668.74	70.04	2.58368e-3	4.51865	0.687115	144144	99043.7
3.14159	3866.69	75.00	4.45262e-3	0.716103	0.578910	13918.7	8057.65
6.76836	3877.25	75.02	4.90605e-3	1.05489	0.699290	17620.9	12322.1
14.5820	3886.68	74.98	5.42541e-3	1.63921	0.780839	23813.8	18594.7
31.4159	3895.38	75.02	5.97004e-3	2.56730	0.784873	33827.9	26550.6
67.6836	3903.99	75.01	6.20270e-3	3.83381	0.802791	48198.8	38693.5
145.820	3912.72	74.99	5.27910e-3	4.42625	0.755471	66899.7	50540.8
314.159	3921.33	75.01	4.39894e-3	5.02796	0.743925	91706.3	68222.6
3.14159	4119.27	80.00	6.51624e-3	0.743916	0.334675	10826.1	3623.24
6.76836	4129.82	80.03	7.17509e-3	0.988289	0.504948	12295.3	6208.50
14.5820	4139.26	80.04	7.91279e-3	1.43648	0.642694	15271.8	9815.11
31.4159	4147.96	80.02	8.69991e-3	2.19072	0.768710	19964.1	15346.6
67.6836	4156.58	80.01	9.27092e-3	3.30483	0.820701	27555.4	22614.7
145.820	4165.31	80.03	8.44130e-3	4.27112	0.847165	38606.5	32706.1
314.159	4173.94	79.98	7.31381e-3	5.29677	0.863935	54802.1	47345.5
3.14159	4371.87	85.04	9.63128e-3	0.937723	0.258971	9425.29	2440.88
6.76836	4382.42	84.97	0.0105870	1.12355	0.305514	10149.4	3100.80
14.5820	4391.86	85.03	0.0116531	1.45647	0.450612	11395.1	5134.78
31.4159	4400.56	85.04	0.0127871	2.06440	0.637082	13616.0	8674.48
67.6836	4409.16	85.01	0.0137567	2.93571	0.781424	16815.2	13139.8
145.820	4417.88	84.96	0.0141674	4.40648	0.854622	23644.5	20207.1
314.159	4426.50	85.02	0.0127850	5.76259	0.938678	32863.1	30847.9
3.14159	4624.44	90.03	0.0154922	1.38363	0.109677	8877.93	973.704
6.76836	4634.99	90.01	0.0170450	1.63870	0.176350	9467.87	1669.66
14.5820	4644.42	90.03	0.0187419	1.94826	0.267453	10042.3	2685.84
31.4159	4653.13	90.03	0.0205301	2.46665	0.402716	11145.0	4488.28
67.6836	4661.73	90.02	0.0221591	3.26972	0.509795	13146.0	6701.75
145.820	4670.46	90.01	0.0215705	4.30426	0.731237	16107.4	11778.3
314.159	4679.07	90.00	0.0200800	5.71796	0.906588	21096.7	19126.0
3.14159	4879.03	95.03	0.0231267	2.06552	0.0594862	8915.56	530.353
6.76836	4889.59	95.02	0.0254342	2.32373	0.0909934	9098.63	827.916
14.5820	4899.03	95.01	0.0279518	2.66566	0.154023	9425.46	1451.74
31.4159	4907.73	95.01	0.0305895	3.15509	0.240995	10027.2	2416.50
67.6836	4916.34	94.99	0.0317373	3.77286	0.355439	11201.2	3981.36
145.820	4925.07	95.04	0.0305907	4.37998	0.551135	12539.6	6911.03
314.159	4933.69	95.00	0.0290652	5.52511	0.765644	15093.4	11556.2
3.14159	5129.35	99.95	0.0325324	2.94906	0.0283664	9061.32	257.037
6.76836	5139.90	100.04	0.0357753	3.24285	0.0463530	9054.77	419.716
14.5820	5149.34	100.02	0.0367230	3.40130	0.0890647	9225.53	821.669
31.4159	5158.04	100.02	0.0365101	3.51253	0.144930	9521.23	1379.91
67.6836	5166.65	100.02	0.0358547	3.43708	0.230028	9342.18	2148.97
145.820	5175.37	100.02	0.0347307	3.99279	0.365642	10797.3	3947.95
314.159	5183.99	100.00	0.0333947	4.71029	0.558368	12315.2	6876.40

