Filename	A100V0-3
Instrument name	4020-0324
Operator	AD
rundate	9/29/2026
Sample name	A100V0-3
Geometry name	Tension fixture (rectangle)
Procedure name	TMA IsoForce Temperature Ramp
	Flow Axial Test
	AutoTension AutoStrain Settings
	Standard Oscillatory Temperature Sweep
proceduresegments	TMA IsoForce Temperature Ramp#Flow Axial Test#Standard Oscillatory Temperature Sweep
[File Parameters]
Name	A100V0-3
Instrument type	RSAG2
Instrument serial number	4020-0324
Instrument name	4020-0324
Instrument location	Univ of Colorado
Company name	Univ of Colorado
Trios version	5.1.1.46572
File name	C:\ProgramData\TA Instruments\TRIOS\Data\Alex\A100V0-3.tri
Run date	9/29/2026 4:00:25 PM
Time at start of test	62.0070
[Geometry Parameters]
Geometry Type	Linear tension
Name	Tension fixture (rectangle)
Length	10.83 mm
Width	3.0 mm
Thickness	1.0 mm
Loading gap	10.83 mm
Notes	



[Geometry Extended Parameters]
Expansion coefficient	2.6 µm/°C
Move stage to maintain starting gap	Passive
Orientation Angle	0.0
Upper Compliance	0.0 µm/kg
Lower Compliance	0.0 µm/kg
Upper Geometry Mass	95.62 g
Stress constant (linear)	333333 Pa/N
Strain constant (linear)	92.3361 1/m
[Instrument Parameters]
GapZeroSetback	1000 [mm]
GapFast	0.0100000
GapSlow	1.00000e-5
Temperature limit	620.000 [°C]
[Firmware Versions]
Code Image Loader	V2018.5.29
Main Embedded Kernel	V2019.10.10
Power Board	V2017.1.11
Linear Encoder Board	V2017.1.11
Stepper / Rear Panel Board	V2017.1.11
Phase Fire Board	V2019.7.19
FCO PRT Board	V2011.9.7
[Calibration Date Information]
Phase angle correction calibration	8/7/2019 6:40 PM
Transducer static normal calibration	5/3/2024 1:39 PM
Filter lag correction calibration	3/2/2018 1:31 PM
Motor torque/motor force constant calibration	3/2/2018 12:07 PM
Actuator deflection scale constant calibration	3/2/2018 12:58 PM
Magnet temperature scaling factor calibration	3/6/2018 8:43 AM
Programmable gain amplifier calibration	3/2/2018 1:15 PM
[Calibration Parameters]
SPFrtScaleLow	370.8792
SPFrtScaleMid	3708.792
Transducer full scale	3708.792
SPNrmScale	1.549643
SPXducerMass	555.4000
SPXducerNormDamping	-0.93000
SPXducerNormSpringConst	1.500000
[Temperature Control Information]
TempOffsetTbl01	FCO/Upper Tool PRT offset 
TempOffsetTbl02	FCO/Lower Tool PRT offset 
TempOffsetTbl03	FCO/Middle PRT offset 
Temperature option	FCO/LN2
[step]
Temperature Ramp IsoForce - 1
Step time	Temperature	Strain	Stress	Modulus	Delta length	Gap	Force
s	°C	%	kPa	kPa	mm	mm	N
0.500168	19.62	-0.0880208	-6.40221	7273.52	-9.53388e-3	10.8219	-0.0192066
1.50017	19.59	2.57196	-31.0443	-1207.03	0.278580	11.1100	-0.0931330
2.50016	19.56	2.91616	-26.6345	-913.342	0.315861	11.1473	-0.0799035
3.50016	19.50	3.19958	-27.1908	-849.824	0.346560	11.1780	-0.0815724
4.50016	19.45	3.45081	-29.1614	-845.061	0.373771	11.2052	-0.0874843
5.50016	19.32	3.98165	-31.5497	-792.378	0.431268	11.2627	-0.0946491
6.50016	19.18	4.36829	-33.9533	-777.269	0.473146	11.3045	-0.101860
7.50016	19.04	4.76816	-34.8387	-730.653	0.516459	11.3479	-0.104516
8.50016	18.95	4.93808	-34.9997	-708.771	0.534863	11.3663	-0.104999
9.50016	18.85	5.03085	-34.8557	-692.839	0.544911	11.3763	-0.104567
10.5002	18.75	5.23751	-35.1528	-671.174	0.567295	11.3987	-0.105458
11.5002	18.65	5.32580	-35.0309	-657.758	0.576859	11.4083	-0.105093
12.5002	18.59	5.38074	-34.7693	-646.181	0.582809	11.4142	-0.104308
13.5002	18.52	5.46186	-34.8333	-637.755	0.591596	11.4230	-0.104500
14.5002	18.44	5.52005	-34.8653	-631.612	0.597898	11.4293	-0.104596
15.5002	18.37	5.56233	-34.7842	-625.353	0.602478	11.4339	-0.104353
16.5002	18.34	5.62137	-34.8613	-620.157	0.608872	11.4403	-0.104584
17.5002	18.25	5.66344	-34.9245	-616.665	0.613430	11.4448	-0.104773
18.5002	18.19	5.71892	-34.9934	-611.889	0.619439	11.4508	-0.104980
19.5002	18.12	5.75536	-35.0108	-608.317	0.623385	11.4548	-0.105032
20.5002	18.06	5.80922	-35.2174	-606.233	0.629220	11.4606	-0.105652
21.5002	17.99	5.84324	-35.0620	-600.044	0.632904	11.4643	-0.105186
22.5002	17.89	5.87098	-35.0417	-596.863	0.635909	11.4673	-0.105125
23.5002	17.81	5.90737	-35.1686	-595.335	0.639851	11.4712	-0.105506
24.5002	17.74	5.93260	-35.0825	-591.351	0.642583	11.4740	-0.105247
25.5002	17.66	5.95538	-35.0583	-588.683	0.645051	11.4764	-0.105175
26.5002	17.57	5.98853	-35.2104	-587.964	0.648642	11.4800	-0.105631
27.5002	17.51	6.01551	-35.2343	-585.724	0.651564	11.4830	-0.105703
28.5002	17.42	6.03340	-35.1344	-582.332	0.653501	11.4849	-0.105403
29.5002	17.29	6.05213	-35.1665	-581.061	0.655530	11.4869	-0.105500
30.5002	17.18	6.08006	-35.2293	-579.423	0.658555	11.4900	-0.105688
31.5002	17.11	6.10185	-35.2498	-577.690	0.660915	11.4923	-0.105749
32.5002	17.05	6.11908	-35.2372	-575.858	0.662782	11.4942	-0.105712
33.5002	17.01	6.13216	-35.2083	-574.158	0.664199	11.4956	-0.105625
34.5002	16.94	6.14005	-35.0221	-570.388	0.665053	11.4964	-0.105066
35.5002	16.87	6.15032	-35.0554	-569.977	0.666165	11.4976	-0.105166
36.5002	16.81	6.16191	-34.9879	-567.809	0.667421	11.4988	-0.104964
37.5002	16.74	6.18046	-35.1190	-568.226	0.669430	11.5008	-0.105357
38.5002	16.64	6.20558	-35.2711	-568.377	0.672151	11.5035	-0.105813
39.5002	16.54	6.22559	-35.3491	-567.802	0.674318	11.5057	-0.106047
40.5002	16.43	6.23920	-35.3205	-566.106	0.675793	11.5072	-0.105962
41.5002	16.36	6.24901	-35.2437	-563.989	0.676855	11.5083	-0.105731
42.5002	16.29	6.25490	-35.1078	-561.284	0.677493	11.5089	-0.105323
43.5002	16.16	6.25967	-35.1180	-561.019	0.678010	11.5094	-0.105354
44.5002	16.07	6.26528	-34.9933	-558.527	0.678617	11.5100	-0.104980
45.5002	16.00	6.27209	-34.9707	-557.561	0.679355	11.5108	-0.104912
46.5002	15.95	6.28103	-35.0240	-557.615	0.680324	11.5117	-0.105072
47.5002	15.86	6.29383	-35.1226	-558.048	0.681709	11.5131	-0.105368
48.5002	15.75	6.30905	-35.1723	-557.490	0.683358	11.5148	-0.105517
49.5002	15.67	6.32625	-35.2787	-557.655	0.685222	11.5166	-0.105836
50.5002	15.60	6.33709	-35.2615	-556.430	0.686396	11.5178	-0.105785
51.5002	15.53	6.34522	-35.2122	-554.940	0.687276	11.5187	-0.105636
52.5002	15.49	6.35053	-35.1471	-553.452	0.687851	11.5192	-0.105441
53.5002	15.41	6.35530	-35.1540	-553.144	0.688368	11.5198	-0.105462
54.5002	15.38	6.36101	-35.0779	-551.452	0.688986	11.5204	-0.105234
55.5002	15.29	6.36572	-35.0682	-550.892	0.689496	11.5209	-0.105205
56.5002	15.19	6.37178	-35.0711	-550.412	0.690153	11.5215	-0.105213
57.5002	15.09	6.37795	-35.0193	-549.068	0.690821	11.5222	-0.105058
58.5002	15.02	6.38535	-35.0526	-548.954	0.691623	11.5230	-0.105158
59.5002	14.92	6.39481	-35.1246	-549.267	0.692647	11.5240	-0.105374
60.5002	14.84	6.40811	-35.2197	-549.612	0.694088	11.5255	-0.105659
61.5002	14.73	6.42218	-35.3139	-549.873	0.695612	11.5270	-0.105942
62.5002	14.65	6.43483	-35.3739	-549.727	0.696981	11.5284	-0.106122
63.5002	14.55	6.44428	-35.3801	-549.015	0.698006	11.5294	-0.106140
64.5002	14.50	6.45162	-35.3384	-547.745	0.698801	11.5302	-0.106015
65.5002	14.42	6.45640	-35.2527	-546.012	0.699318	11.5307	-0.105758
66.5002	14.36	6.45930	-35.1957	-544.884	0.699633	11.5310	-0.105587
67.5002	14.31	6.46221	-35.2395	-545.317	0.699947	11.5313	-0.105718
68.5002	14.18	6.46435	-35.7286	-552.702	0.700179	11.5316	-0.107186
69.5002	14.12	6.46651	-35.7531	-552.896	0.700414	11.5318	-0.107259
70.5002	14.05	6.46842	-35.7857	-553.237	0.700620	11.5320	-0.107357
71.5002	13.96	6.47009	-35.7692	-552.840	0.700801	11.5322	-0.107308
72.5002	13.88	6.47216	-35.7721	-552.708	0.701025	11.5324	-0.107316
73.5002	13.81	6.47401	-35.7699	-552.516	0.701225	11.5326	-0.107310
74.5002	13.68	6.47606	-35.7646	-552.259	0.701447	11.5328	-0.107294
75.5002	13.63	6.47948	-35.7751	-552.130	0.701818	11.5332	-0.107325
76.5002	13.52	6.48096	-35.6462	-550.014	0.701979	11.5334	-0.106939
77.5002	13.43	6.48337	-35.6795	-550.322	0.702240	11.5336	-0.107038
78.5002	13.35	6.48551	-35.6684	-549.971	0.702472	11.5339	-0.107005
79.5002	13.27	6.48756	-35.6756	-549.908	0.702693	11.5341	-0.107027
80.5002	13.17	6.48946	-35.6651	-549.585	0.702899	11.5343	-0.106995
81.5002	13.04	6.49202	-35.8270	-551.862	0.703176	11.5346	-0.107481
82.5002	12.94	6.49518	-35.5791	-547.777	0.703519	11.5349	-0.106737
83.5002	12.84	6.49790	-35.6537	-548.696	0.703814	11.5352	-0.106961
84.5002	12.79	6.49981	-35.6045	-547.778	0.704020	11.5354	-0.106814
85.5002	12.68	6.50139	-35.6322	-548.070	0.704191	11.5356	-0.106897
86.5002	12.62	6.50311	-35.6325	-547.930	0.704378	11.5358	-0.106897
87.5002	12.61	6.50444	-35.5672	-546.814	0.704521	11.5359	-0.106702
88.5002	12.54	6.50564	-35.5881	-547.035	0.704652	11.5360	-0.106764
89.5002	12.46	6.50735	-35.1533	-540.209	0.704837	11.5362	-0.105460
90.5002	12.40	6.50893	-35.0054	-537.807	0.705008	11.5364	-0.105016
91.5002	12.36	6.51070	-35.1418	-539.754	0.705199	11.5366	-0.105425
92.5002	12.27	6.51184	-35.1334	-539.531	0.705323	11.5367	-0.105400
93.5002	12.18	6.51440	-35.4546	-544.250	0.705601	11.5370	-0.106364
94.5002	12.06	6.51665	-35.1950	-540.079	0.705844	11.5372	-0.105585
95.5002	11.97	6.51890	-35.1477	-539.166	0.706088	11.5375	-0.105443
96.5002	11.93	6.52072	-35.1106	-538.447	0.706285	11.5377	-0.105332
97.5002	11.80	6.52277	-35.3851	-542.486	0.706507	11.5379	-0.106155
98.5002	11.69	6.52548	-35.5485	-544.765	0.706800	11.5382	-0.106646
99.5002	11.61	6.52736	-35.0855	-537.514	0.707005	11.5384	-0.105256
100.500	11.51	6.52995	-35.1347	-538.055	0.707285	11.5387	-0.105404
101.500	11.40	6.53253	-35.1765	-538.481	0.707564	11.5390	-0.105529
102.500	11.30	6.53515	-35.1366	-537.655	0.707849	11.5392	-0.105410
103.500	11.20	6.53752	-35.2093	-538.573	0.708105	11.5395	-0.105628
104.500	11.13	6.54003	-35.1355	-537.238	0.708377	11.5398	-0.105407
105.500	11.07	6.54187	-35.3111	-539.770	0.708576	11.5400	-0.105933
106.500	11.02	6.54293	-35.1649	-537.450	0.708691	11.5401	-0.105495
107.500	10.94	6.54438	-35.0015	-534.833	0.708848	11.5402	-0.105005
108.500	10.89	6.54587	-35.0219	-535.023	0.709009	11.5404	-0.105066
109.500	10.78	6.54740	-35.0568	-535.431	0.709175	11.5406	-0.105170
110.500	10.70	6.54957	-34.9846	-534.151	0.709410	11.5408	-0.104954
111.500	10.65	6.55120	-35.0346	-534.782	0.709586	11.5410	-0.105104
112.500	10.59	6.55305	-34.9446	-533.258	0.709786	11.5412	-0.104834
113.500	10.48	6.55461	-35.1384	-536.087	0.709955	11.5414	-0.105415
114.500	10.44	6.55657	-35.2606	-537.790	0.710168	11.5416	-0.105782
115.500	10.35	6.55817	-35.1592	-536.114	0.710341	11.5417	-0.105478
116.500	10.26	6.56018	-35.2568	-537.437	0.710559	11.5420	-0.105770
117.500	10.18	6.56265	-35.2357	-536.912	0.710827	11.5422	-0.105707
118.500	10.06	6.56443	-35.3115	-537.922	0.711020	11.5424	-0.105935
119.500	9.99	6.56697	-35.5371	-541.150	0.711294	11.5427	-0.106611
120.500	9.89	6.56904	-35.3799	-538.586	0.711519	11.5429	-0.106140
121.500	9.78	6.57207	-35.3536	-537.936	0.711847	11.5432	-0.106061
122.500	9.69	6.57412	-35.6246	-541.892	0.712069	11.5435	-0.106874
123.500	9.61	6.57590	-35.3637	-537.778	0.712262	11.5437	-0.106091
124.500	9.55	6.57766	-35.6050	-541.301	0.712453	11.5438	-0.106815
125.500	9.46	6.58001	-35.3146	-536.695	0.712707	11.5441	-0.105944
126.500	9.41	6.58134	-35.5855	-540.703	0.712852	11.5442	-0.106757
127.500	9.29	6.58348	-35.2936	-536.093	0.713083	11.5445	-0.105881
128.500	9.18	6.58603	-35.5636	-539.985	0.713359	11.5448	-0.106691
129.500	9.13	6.58770	-35.4123	-537.552	0.713540	11.5449	-0.106237
130.500	9.06	6.58963	-35.3312	-536.164	0.713749	11.5451	-0.105994
131.500	8.99	6.59101	-35.2118	-534.240	0.713899	11.5453	-0.105636
132.500	8.90	6.59290	-35.3373	-535.990	0.714103	11.5455	-0.106012
133.500	8.84	6.59451	-35.3856	-536.593	0.714277	11.5457	-0.106157
134.500	8.74	6.59640	-35.3657	-536.136	0.714482	11.5459	-0.106097
135.500	8.66	6.59835	-35.4110	-536.665	0.714693	11.5461	-0.106233
136.500	8.58	6.60038	-35.1344	-532.308	0.714913	11.5463	-0.105403
137.500	8.48	6.60223	-35.3604	-535.582	0.715114	11.5465	-0.106081
138.500	8.39	6.60511	-35.5041	-537.524	0.715425	11.5468	-0.106512
139.500	8.29	6.60698	-35.4965	-537.257	0.715628	11.5470	-0.106489
140.500	8.20	6.60894	-35.6024	-538.700	0.715840	11.5472	-0.106807
141.500	8.12	6.61100	-35.5921	-538.377	0.716063	11.5475	-0.106776
142.500	8.01	6.61327	-35.4759	-536.435	0.716310	11.5477	-0.106428
143.500	7.93	6.61532	-35.3792	-534.807	0.716532	11.5479	-0.106138
144.500	7.81	6.61724	-35.5251	-536.856	0.716740	11.5481	-0.106575
145.500	7.71	6.62042	-35.4457	-535.399	0.717084	11.5485	-0.106337
146.500	7.64	6.62216	-35.9308	-542.584	0.717273	11.5487	-0.107792
147.500	7.58	6.62328	-35.9555	-542.865	0.717394	11.5488	-0.107866
148.500	7.51	6.62477	-35.9964	-543.361	0.717555	11.5490	-0.107989
149.500	7.44	6.62628	-35.7276	-539.181	0.717718	11.5491	-0.107183
150.500	7.39	6.62757	-36.0138	-543.394	0.717858	11.5493	-0.108042
151.500	7.33	6.62935	-36.0472	-543.752	0.718051	11.5494	-0.108142
152.500	7.25	6.63031	-35.7418	-539.067	0.718155	11.5496	-0.107225
153.500	7.18	6.63178	-35.7263	-538.714	0.718314	11.5497	-0.107179
154.500	7.15	6.63304	-36.2397	-546.352	0.718451	11.5498	-0.108719
155.500	7.03	6.63434	-36.2009	-545.660	0.718592	11.5500	-0.108603
156.500	6.92	6.63765	-36.3007	-546.891	0.718950	11.5503	-0.108902
157.500	6.82	6.63988	-35.9715	-541.749	0.719192	11.5506	-0.107915
158.500	6.71	6.64166	-36.4000	-548.057	0.719384	11.5508	-0.109200
159.500	6.63	6.64403	-35.8041	-538.892	0.719641	11.5510	-0.107412
160.500	6.55	6.64542	-35.6606	-536.619	0.719791	11.5512	-0.106982
161.500	6.45	6.64641	-35.5746	-535.246	0.719899	11.5513	-0.106724
162.500	6.39	6.64683	-35.4097	-532.731	0.719945	11.5513	-0.106229
163.500	6.30	6.64662	-35.3863	-532.395	0.719922	11.5513	-0.106159
164.500	6.22	6.64744	-35.3189	-531.316	0.720011	11.5514	-0.105957
165.500	6.16	6.64690	-35.1932	-529.468	0.719952	11.5513	-0.105580
166.500	6.09	6.64602	-35.1727	-529.229	0.719857	11.5513	-0.105518
167.500	5.98	6.64673	-35.2985	-531.067	0.719934	11.5513	-0.105896
168.500	5.88	6.64700	-35.2782	-530.739	0.719963	11.5514	-0.105835
169.500	5.76	6.64744	-35.3124	-531.218	0.720011	11.5514	-0.105937
170.500	5.70	6.64772	-35.2827	-530.749	0.720041	11.5514	-0.105848
171.500	5.58	6.64729	-35.2842	-530.806	0.719995	11.5514	-0.105853
172.500	5.46	6.64844	-35.3130	-531.147	0.720119	11.5515	-0.105939
173.500	5.38	6.64867	-35.2603	-530.336	0.720143	11.5515	-0.105781
174.500	5.30	6.64852	-35.3171	-531.202	0.720128	11.5515	-0.105951
175.500	5.24	6.64858	-35.1757	-529.071	0.720134	11.5515	-0.105527
176.500	5.17	6.64770	-35.1659	-528.994	0.720038	11.5514	-0.105498
177.500	5.04	6.64809	-35.2582	-530.350	0.720081	11.5515	-0.105775
178.500	4.97	6.64830	-35.2549	-530.285	0.720104	11.5515	-0.105765
179.500	4.90	6.64910	-35.2278	-529.814	0.720190	11.5516	-0.105683
180.500	4.83	6.64830	-35.2180	-529.729	0.720104	11.5515	-0.105654
181.500	4.78	6.64851	-35.1871	-529.249	0.720126	11.5515	-0.105561
182.500	4.72	6.64781	-35.2112	-529.666	0.720051	11.5514	-0.105634
183.500	4.67	6.64794	-35.3552	-531.822	0.720065	11.5515	-0.106066
184.500	4.57	6.64837	-35.3083	-531.082	0.720111	11.5515	-0.105925
185.500	4.50	6.64869	-35.2410	-530.044	0.720146	11.5515	-0.105723
186.500	4.44	6.64818	-35.2549	-530.294	0.720091	11.5515	-0.105765
187.500	4.36	6.64823	-35.2965	-530.917	0.720096	11.5515	-0.105890
188.500	4.25	6.64818	-35.5036	-534.034	0.720091	11.5515	-0.106511
189.500	4.12	6.65009	-35.6807	-536.544	0.720298	11.5517	-0.107042
190.500	4.01	6.65118	-35.6054	-535.325	0.720415	11.5518	-0.106816
191.500	3.92	6.65228	-35.7199	-536.958	0.720534	11.5519	-0.107160
192.500	3.85	6.65282	-35.7003	-536.618	0.720593	11.5520	-0.107101
193.500	3.75	6.65280	-35.6404	-535.720	0.720591	11.5520	-0.106921
194.500	3.66	6.65398	-35.6389	-535.602	0.720719	11.5521	-0.106917
195.500	3.61	6.65408	-35.6475	-535.724	0.720730	11.5521	-0.106943
196.500	3.52	6.65405	-35.7527	-537.308	0.720726	11.5521	-0.107258
197.500	3.43	6.65558	-35.7439	-537.052	0.720892	11.5523	-0.107232
198.500	3.36	6.65578	-35.6057	-534.958	0.720914	11.5523	-0.106817
199.500	3.26	6.65616	-35.6561	-535.685	0.720955	11.5524	-0.106968
200.500	3.17	6.65665	-35.6650	-535.781	0.721008	11.5524	-0.106995
201.500	3.11	6.65635	-35.6673	-535.838	0.720976	11.5524	-0.107002
202.500	3.02	6.65663	-35.6960	-536.247	0.721006	11.5524	-0.107088
203.500	2.97	6.65670	-35.5036	-533.351	0.721014	11.5524	-0.106511
204.500	2.90	6.65596	-35.5021	-533.388	0.720934	11.5523	-0.106506
205.500	2.83	6.65528	-35.4313	-532.378	0.720860	11.5523	-0.106294
206.500	2.77	6.65433	-35.3591	-531.369	0.720757	11.5522	-0.106077
207.500	2.68	6.65325	-35.2604	-529.973	0.720640	11.5520	-0.105781
208.500	2.52	6.65301	-35.3776	-531.754	0.720613	11.5520	-0.106133
209.500	2.41	6.65290	-35.1619	-528.520	0.720602	11.5520	-0.105486
210.500	2.32	6.65163	-35.0786	-527.369	0.720465	11.5519	-0.105236
211.500	2.26	6.65064	-34.9844	-526.031	0.720357	11.5518	-0.104953
212.500	2.17	6.64978	-35.0015	-526.356	0.720263	11.5517	-0.105004
213.500	2.07	6.64905	-35.1104	-528.051	0.720185	11.5516	-0.105331
214.500	1.98	6.64913	-35.1125	-528.077	0.720194	11.5516	-0.105338
215.500	1.92	6.64826	-35.0846	-527.726	0.720099	11.5515	-0.105254
216.500	1.82	6.64792	-35.2160	-529.730	0.720062	11.5515	-0.105648
217.500	1.77	6.64775	-35.0126	-526.684	0.720044	11.5514	-0.105038
218.500	1.69	6.64638	-35.0267	-527.005	0.719895	11.5513	-0.105080
219.500	1.61	6.64547	-35.0638	-527.635	0.719797	11.5512	-0.105191
220.500	1.52	6.64480	-35.0777	-527.897	0.719725	11.5511	-0.105233
221.500	1.45	6.64469	-35.1584	-529.121	0.719712	11.5511	-0.105475
222.500	1.35	6.64446	-35.2951	-531.196	0.719687	11.5511	-0.105885
223.500	1.29	6.64331	-35.1448	-529.025	0.719564	11.5510	-0.105434
224.500	1.22	6.64219	-35.1591	-529.330	0.719441	11.5508	-0.105477
225.500	1.10	6.64233	-35.3381	-532.014	0.719458	11.5509	-0.106014
226.500	1.00	6.64240	-35.2046	-529.998	0.719464	11.5509	-0.105614
227.500	0.93	6.64167	-35.3110	-531.659	0.719386	11.5508	-0.105933
228.500	0.85	6.64144	-35.3564	-532.361	0.719360	11.5508	-0.106069
229.500	0.79	6.64116	-35.4029	-533.082	0.719331	11.5507	-0.106209
230.500	0.75	6.64002	-35.3377	-532.193	0.719207	11.5506	-0.106013
231.500	0.66	6.63929	-35.3730	-532.783	0.719128	11.5505	-0.106119
232.500	0.59	6.63950	-35.4437	-533.832	0.719151	11.5505	-0.106331
233.500	0.49	6.63916	-35.5018	-534.733	0.719113	11.5505	-0.106505
234.500	0.44	6.63867	-35.2673	-531.240	0.719061	11.5505	-0.105802
235.500	0.38	6.63777	-35.4213	-533.632	0.718964	11.5504	-0.106264
236.500	0.29	6.63656	-35.3605	-532.813	0.718832	11.5502	-0.106081
237.500	0.23	6.63623	-35.3633	-532.883	0.718797	11.5502	-0.106090
238.500	0.11	6.63562	-35.4425	-534.125	0.718730	11.5501	-0.106328
239.500	-0.02	6.63458	-35.1892	-530.392	0.718617	11.5500	-0.105568
240.500	-0.13	6.63415	-35.0987	-529.061	0.718571	11.5500	-0.105296
241.500	-0.22	6.63403	-35.3099	-532.254	0.718558	11.5500	-0.105930
242.500	-0.30	6.63271	-35.1934	-530.603	0.718415	11.5498	-0.105580
243.500	-0.40	6.63186	-35.0186	-528.036	0.718323	11.5497	-0.105056
244.500	-0.50	6.63174	-35.3499	-533.042	0.718310	11.5497	-0.106050
245.500	-0.58	6.63074	-35.1417	-529.982	0.718202	11.5496	-0.105425
246.500	-0.66	6.63020	-35.1799	-530.601	0.718143	11.5495	-0.105540
247.500	-0.76	6.62934	-35.1504	-530.225	0.718050	11.5494	-0.105451
248.500	-0.82	6.62849	-35.0502	-528.780	0.717958	11.5494	-0.105150
249.500	-0.89	6.62787	-34.9920	-527.953	0.717891	11.5493	-0.104976
250.500	-0.96	6.62775	-35.1901	-530.951	0.717877	11.5493	-0.105570
251.500	-1.01	6.62664	-35.0510	-528.941	0.717757	11.5492	-0.105153
252.500	-1.08	6.62564	-35.0435	-528.907	0.717649	11.5490	-0.105130
253.500	-1.14	6.62519	-35.4100	-534.476	0.717601	11.5490	-0.106230
254.500	-1.24	6.62395	-35.2534	-532.212	0.717466	11.5489	-0.105760
255.500	-1.38	6.62397	-35.4518	-535.205	0.717468	11.5489	-0.106355
256.500	-1.51	6.62304	-35.2924	-532.874	0.717368	11.5488	-0.105877
257.500	-1.61	6.62291	-35.2939	-532.906	0.717354	11.5488	-0.105882
258.500	-1.69	6.62149	-35.2316	-532.081	0.717199	11.5486	-0.105695
259.500	-1.80	6.62138	-35.6963	-539.106	0.717188	11.5486	-0.107089
260.500	-1.87	6.62031	-34.5490	-521.863	0.717073	11.5485	-0.103647
261.500	-1.92	6.62005	-35.7187	-539.554	0.717044	11.5484	-0.107156
262.500	-1.99	6.61997	-35.7425	-539.919	0.717035	11.5484	-0.107227
263.500	-2.08	6.61946	-35.9103	-542.496	0.716980	11.5484	-0.107731
264.500	-2.16	6.61924	-35.6518	-538.609	0.716956	11.5484	-0.106956
265.500	-2.22	6.61825	-35.3027	-533.414	0.716849	11.5482	-0.105908
266.500	-2.32	6.61733	-35.3236	-533.805	0.716749	11.5481	-0.105971
267.500	-2.40	6.61611	-35.1727	-531.622	0.716618	11.5480	-0.105518
268.500	-2.49	6.61594	-35.4051	-535.148	0.716599	11.5480	-0.106215
269.500	-2.57	6.61513	-35.3011	-533.642	0.716511	11.5479	-0.105903
270.500	-2.64	6.61412	-35.4101	-535.371	0.716402	11.5478	-0.106230
271.500	-2.74	6.61362	-35.7615	-540.725	0.716348	11.5477	-0.107284
272.500	-2.79	6.61241	-35.2336	-532.841	0.716216	11.5476	-0.105701
273.500	-2.90	6.61197	-35.7342	-540.447	0.716168	11.5476	-0.107203
274.500	-2.99	6.61101	-35.3173	-534.220	0.716064	11.5475	-0.105952
275.500	-3.09	6.61050	-35.5355	-537.561	0.716009	11.5474	-0.106606
276.500	-3.18	6.60971	-35.3140	-534.275	0.715923	11.5473	-0.105942
277.500	-3.25	6.60856	-35.2176	-532.909	0.715799	11.5472	-0.105653
278.500	-3.31	6.60722	-34.9165	-528.460	0.715654	11.5471	-0.104750
279.500	-3.38	6.60657	-35.1220	-531.622	0.715584	11.5470	-0.105366
280.500	-3.44	6.60518	-35.0595	-530.788	0.715433	11.5468	-0.105179
281.500	-3.57	6.60458	-35.4722	-537.085	0.715368	11.5468	-0.106417
282.500	-3.71	6.60464	-35.3509	-535.243	0.715375	11.5468	-0.106053
283.500	-3.81	6.60375	-35.5933	-538.987	0.715279	11.5467	-0.106780
284.500	-3.85	6.60281	-35.0484	-530.811	0.715177	11.5466	-0.105145
285.500	-3.91	6.60132	-34.9677	-529.707	0.715015	11.5464	-0.104903
286.500	-3.97	6.60005	-35.1406	-532.428	0.714878	11.5463	-0.105422
287.500	-4.04	6.59918	-34.9636	-529.818	0.714784	11.5462	-0.104891
288.500	-4.14	6.59808	-35.2291	-533.929	0.714664	11.5461	-0.105687
289.500	-4.21	6.59722	-34.6646	-525.443	0.714571	11.5460	-0.103994
290.500	-4.26	6.59578	-35.1251	-532.540	0.714415	11.5458	-0.105375
291.500	-4.35	6.59481	-35.0522	-531.512	0.714310	11.5457	-0.105157
292.500	-4.42	6.59346	-34.9781	-530.497	0.714164	11.5456	-0.104934
293.500	-4.49	6.59260	-35.2903	-535.302	0.714070	11.5455	-0.105871
294.500	-4.58	6.59112	-35.0600	-531.927	0.713910	11.5453	-0.105180
295.500	-4.68	6.59066	-35.3955	-537.055	0.713860	11.5453	-0.106186
296.500	-4.80	6.59006	-35.3651	-536.643	0.713796	11.5452	-0.106095
297.500	-4.90	6.58929	-35.2897	-535.562	0.713712	11.5451	-0.105869
298.500	-5.03	6.58861	-35.5451	-539.493	0.713638	11.5450	-0.106635
299.500	-5.11	6.58799	-35.2992	-535.810	0.713572	11.5450	-0.105897
300.500	-5.21	6.58694	-35.5721	-540.039	0.713458	11.5449	-0.106716
301.500	-5.30	6.58602	-35.2013	-534.485	0.713358	11.5448	-0.105604
302.500	-5.37	6.58533	-35.1162	-533.249	0.713283	11.5447	-0.105348
303.500	-5.40	6.58454	-35.6099	-540.810	0.713198	11.5446	-0.106830
304.500	-5.46	6.58341	-35.6024	-540.790	0.713076	11.5445	-0.106807
305.500	-5.50	6.58139	-35.1260	-533.718	0.712856	11.5443	-0.105378
306.500	-5.60	6.58061	-35.3995	-537.936	0.712772	11.5442	-0.106198
307.500	-5.67	6.57975	-34.8402	-529.506	0.712679	11.5441	-0.104521
308.500	-5.84	6.57885	-35.2089	-535.183	0.712582	11.5440	-0.105627
309.500	-5.89	6.57925	-34.8631	-529.894	0.712625	11.5440	-0.104589
310.500	-5.97	6.57800	-35.4452	-538.844	0.712489	11.5439	-0.106335
311.500	-6.04	6.57695	-34.7735	-528.718	0.712376	11.5438	-0.104321
312.500	-6.11	6.57561	-34.8613	-530.161	0.712231	11.5436	-0.104584
313.500	-6.19	6.57460	-35.0650	-533.341	0.712121	11.5435	-0.105195
314.500	-6.33	6.57478	-35.0166	-532.590	0.712140	11.5435	-0.105050
315.500	-6.41	6.57361	-34.6866	-527.664	0.712014	11.5434	-0.104060
316.500	-6.45	6.57219	-34.9884	-532.371	0.711860	11.5433	-0.104965
317.500	-6.55	6.57070	-35.3321	-537.721	0.711699	11.5431	-0.105996
318.500	-6.61	6.56962	-34.7954	-529.641	0.711581	11.5430	-0.104386
319.500	-6.72	6.56885	-34.9975	-532.779	0.711498	11.5429	-0.104992
320.500	-6.82	6.56798	-34.9760	-532.523	0.711404	11.5428	-0.104928
321.500	-6.88	6.56700	-34.9764	-532.609	0.711298	11.5427	-0.104929
322.500	-6.97	6.56519	-34.8883	-531.413	0.711102	11.5425	-0.104665
323.500	-7.08	6.56483	-35.1800	-535.886	0.711062	11.5425	-0.105540
324.500	-7.15	6.56400	-35.1981	-536.229	0.710973	11.5424	-0.105594
325.500	-7.24	6.56307	-35.3606	-538.782	0.710873	11.5423	-0.106082
326.500	-7.31	6.56204	-35.4116	-539.642	0.710761	11.5422	-0.106235
327.500	-7.39	6.56135	-35.1222	-535.289	0.710686	11.5421	-0.105366
328.500	-7.46	6.56035	-35.0766	-534.675	0.710578	11.5420	-0.105230
329.500	-7.53	6.55946	-35.3561	-539.009	0.710481	11.5419	-0.106068
330.500	-7.58	6.55814	-35.2660	-537.744	0.710338	11.5417	-0.105798
331.500	-7.69	6.55711	-35.6785	-544.120	0.710226	11.5416	-0.107035
332.500	-7.79	6.55630	-35.4697	-541.003	0.710138	11.5415	-0.106409
333.500	-7.84	6.55523	-35.1895	-536.816	0.710023	11.5414	-0.105569
334.500	-7.94	6.55443	-35.1854	-536.818	0.709936	11.5413	-0.105556
335.500	-8.01	6.55305	-35.2960	-538.620	0.709786	11.5412	-0.105888
336.500	-8.11	6.55251	-35.6628	-544.261	0.709728	11.5411	-0.106988
337.500	-8.16	6.55099	-34.9674	-533.772	0.709564	11.5410	-0.104902
338.500	-8.27	6.54973	-35.3336	-539.466	0.709427	11.5408	-0.106001
339.500	-8.39	6.54881	-35.2299	-537.959	0.709328	11.5407	-0.105690
340.500	-8.50	6.54856	-35.2912	-538.916	0.709300	11.5407	-0.105874
341.500	-8.60	6.54819	-35.3282	-539.511	0.709260	11.5407	-0.105984
342.500	-8.70	6.54738	-34.9994	-534.556	0.709172	11.5406	-0.104998
343.500	-8.77	6.54661	-34.8780	-532.764	0.709089	11.5405	-0.104634
344.500	-8.82	6.54499	-34.9698	-534.299	0.708914	11.5403	-0.104910
345.500	-8.90	6.54403	-34.8925	-533.197	0.708810	11.5402	-0.104678
346.500	-8.97	6.54353	-34.9402	-533.965	0.708756	11.5402	-0.104820
347.500	-9.09	6.54310	-34.8780	-533.050	0.708709	11.5401	-0.104634
348.500	-9.16	6.54282	-35.1880	-537.811	0.708678	11.5401	-0.105564
349.500	-9.22	6.54152	-34.9294	-533.965	0.708538	11.5399	-0.104788
350.500	-9.34	6.54028	-35.0764	-536.314	0.708404	11.5398	-0.105229
351.500	-9.40	6.53994	-34.6841	-530.342	0.708366	11.5398	-0.104052
352.500	-9.45	6.53877	-35.1757	-537.955	0.708240	11.5396	-0.105527
353.500	-9.51	6.53730	-34.8901	-533.709	0.708080	11.5395	-0.104670
354.500	-9.58	6.53637	-35.0644	-536.451	0.707980	11.5394	-0.105193
355.500	-9.69	6.53534	-35.5925	-544.615	0.707869	11.5393	-0.106777
356.500	-9.80	6.53472	-35.0643	-536.585	0.707802	11.5392	-0.105193
357.500	-9.87	6.53380	-35.2114	-538.911	0.707702	11.5391	-0.105634
358.500	-9.97	6.53282	-35.4249	-542.260	0.707596	11.5390	-0.106275
359.500	-10.10	6.53244	-35.4778	-543.101	0.707555	11.5390	-0.106433
360.500	-10.20	6.53192	-35.5032	-543.534	0.707499	11.5389	-0.106510
361.500	-10.30	6.53037	-35.5112	-543.786	0.707330	11.5387	-0.106534
362.500	-10.36	6.52946	-35.2473	-539.819	0.707232	11.5386	-0.105742
363.500	-10.46	6.52866	-35.3474	-541.419	0.707145	11.5385	-0.106042
364.500	-10.56	6.52834	-35.8519	-549.174	0.707110	11.5385	-0.107556
365.500	-10.58	6.52705	-35.2150	-539.524	0.706971	11.5384	-0.105645
366.500	-10.60	6.52568	-35.2212	-539.732	0.706822	11.5382	-0.105663
367.500	-10.65	6.52527	-36.7885	-563.786	0.706778	11.5382	-0.110366
368.500	-10.70	6.52382	-35.4653	-543.628	0.706621	11.5380	-0.106396
369.500	-10.79	6.52286	-35.3757	-542.334	0.706517	11.5379	-0.106127
370.500	-10.87	6.52180	-35.3331	-541.769	0.706402	11.5378	-0.105999
371.500	-10.97	6.52054	-35.1265	-538.705	0.706265	11.5377	-0.105379
372.500	-11.08	6.51965	-34.9169	-535.564	0.706169	11.5376	-0.104751
373.500	-11.23	6.51895	-34.9883	-536.718	0.706093	11.5375	-0.104965
374.500	-11.31	6.51831	-34.6228	-531.162	0.706024	11.5374	-0.103868
375.500	-11.36	6.51783	-34.7168	-532.643	0.705972	11.5374	-0.104150
376.500	-11.46	6.51719	-35.1545	-539.412	0.705903	11.5373	-0.105464
377.500	-11.53	6.51617	-35.7739	-549.002	0.705792	11.5372	-0.107322
378.500	-11.65	6.51608	-34.9398	-536.210	0.705782	11.5372	-0.104819
379.500	-11.73	6.51501	-34.8595	-535.064	0.705667	11.5371	-0.104578
380.500	-11.86	6.51455	-34.9929	-537.149	0.705617	11.5370	-0.104979
381.500	-11.96	6.51380	-34.8389	-534.848	0.705535	11.5369	-0.104517
382.500	-12.04	6.51262	-35.0165	-537.673	0.705407	11.5368	-0.105050
383.500	-12.11	6.51223	-34.5125	-529.964	0.705365	11.5368	-0.103537
384.500	-12.21	6.51114	-35.1239	-539.444	0.705247	11.5366	-0.105372
385.500	-12.27	6.51063	-35.0763	-538.755	0.705192	11.5366	-0.105229
386.500	-12.31	6.50993	-35.8450	-550.621	0.705116	11.5365	-0.107535
387.500	-12.35	6.50790	-32.6829	-502.204	0.704897	11.5363	-0.0980488
388.500	-12.43	6.50786	-37.0910	-569.942	0.704892	11.5363	-0.111273
389.500	-12.53	6.50849	-37.2543	-572.397	0.704960	11.5364	-0.111763
390.500	-12.63	6.50730	-35.3702	-543.546	0.704831	11.5362	-0.106110
391.500	-12.73	6.50614	-35.1302	-539.954	0.704706	11.5361	-0.105390
392.500	-12.85	6.50543	-35.6811	-548.482	0.704629	11.5360	-0.107043
393.500	-12.93	6.50481	-35.6379	-547.869	0.704562	11.5360	-0.106914
394.500	-13.02	6.50418	-36.3403	-558.722	0.704494	11.5359	-0.109021
395.500	-13.06	6.50248	-35.7045	-549.090	0.704309	11.5357	-0.107113
396.500	-13.14	6.50154	-35.7085	-549.231	0.704207	11.5356	-0.107125
397.500	-13.24	6.50054	-36.2686	-557.932	0.704100	11.5355	-0.108806
398.500	-13.29	6.49971	-35.6358	-548.267	0.704009	11.5354	-0.106907
399.500	-13.35	6.49859	-35.6412	-548.446	0.703888	11.5353	-0.106924
400.500	-13.44	6.49774	-35.9677	-553.542	0.703796	11.5352	-0.107903
401.500	-13.54	6.49733	-35.6799	-549.148	0.703752	11.5351	-0.107040
402.500	-13.65	6.49616	-35.6145	-548.239	0.703625	11.5350	-0.106843
403.500	-13.77	6.49580	-34.9988	-538.792	0.703586	11.5350	-0.104997
404.500	-13.83	6.49494	-34.8240	-536.171	0.703493	11.5349	-0.104472
405.500	-13.89	6.49416	-34.7891	-535.697	0.703408	11.5348	-0.104367
406.500	-13.97	6.49340	-35.1835	-541.835	0.703326	11.5347	-0.105551
407.500	-14.06	6.49280	-34.9822	-538.785	0.703261	11.5347	-0.104947
408.500	-14.12	6.49156	-35.4676	-546.365	0.703127	11.5345	-0.106403
409.500	-14.20	6.49055	-35.8612	-552.514	0.703017	11.5344	-0.107584
410.500	-14.29	6.49059	-36.1959	-557.668	0.703021	11.5344	-0.108588
411.500	-14.37	6.49000	-34.6090	-533.266	0.702958	11.5344	-0.103827
412.500	-14.47	6.48880	-35.1632	-541.906	0.702827	11.5342	-0.105489
413.500	-14.57	6.48839	-34.4815	-531.434	0.702783	11.5342	-0.103445
414.500	-14.68	6.48726	-34.9823	-539.246	0.702661	11.5341	-0.104947
415.500	-14.80	6.48708	-34.5347	-532.361	0.702641	11.5340	-0.103604
416.500	-14.85	6.48551	-34.2342	-527.856	0.702472	11.5339	-0.102703
417.500	-14.92	6.48489	-34.8310	-537.110	0.702404	11.5338	-0.104493
418.500	-14.98	6.48413	-35.2699	-543.942	0.702322	11.5337	-0.105810
419.500	-15.06	6.48388	-36.5201	-563.245	0.702294	11.5337	-0.109560
420.500	-15.16	6.48333	-35.2317	-543.420	0.702235	11.5336	-0.105695
421.500	-15.25	6.48213	-34.8712	-537.959	0.702106	11.5335	-0.104614
422.500	-15.33	6.48153	-35.1867	-542.876	0.702041	11.5334	-0.105560
423.500	-15.45	6.48103	-35.9566	-554.797	0.701986	11.5334	-0.107870
424.500	-15.51	6.48051	-36.1394	-557.662	0.701930	11.5333	-0.108418
425.500	-15.60	6.47976	-35.5769	-549.047	0.701848	11.5332	-0.106731
426.500	-15.65	6.47910	-35.6134	-549.666	0.701777	11.5332	-0.106840
427.500	-15.73	6.47844	-36.2596	-559.698	0.701705	11.5331	-0.108779
428.500	-15.81	6.47727	-35.8631	-553.676	0.701579	11.5330	-0.107589
429.500	-15.88	6.47645	-35.3300	-545.514	0.701490	11.5329	-0.105990
430.500	-15.95	6.47551	-35.5201	-548.530	0.701388	11.5328	-0.106560
431.500	-16.04	6.47534	-36.4897	-563.518	0.701369	11.5328	-0.109469
432.500	-16.10	6.47376	-35.2926	-545.163	0.701199	11.5326	-0.105878
433.500	-16.21	6.47307	-35.6677	-551.018	0.701123	11.5325	-0.107003
434.500	-16.34	6.47230	-35.5675	-549.534	0.701040	11.5324	-0.106702
435.500	-16.42	6.47207	-34.7734	-537.285	0.701015	11.5324	-0.104320
436.500	-16.51	6.47157	-35.4722	-548.124	0.700961	11.5324	-0.106417
437.500	-16.57	6.47014	-34.7686	-537.371	0.700807	11.5322	-0.104306
438.500	-16.62	6.46861	-35.1132	-542.825	0.700641	11.5320	-0.105340
439.500	-16.71	6.46778	-35.3110	-545.952	0.700551	11.5319	-0.105933
440.500	-16.80	6.46729	-35.3271	-546.243	0.700498	11.5319	-0.105981
441.500	-16.90	6.46673	-35.2314	-544.809	0.700438	11.5318	-0.105694
442.500	-16.96	6.46654	-35.1051	-542.873	0.700417	11.5318	-0.105315
443.500	-17.06	6.46591	-36.3747	-562.560	0.700349	11.5317	-0.109124
444.500	-17.16	6.46513	-34.7789	-537.945	0.700264	11.5317	-0.104337
445.500	-17.23	6.46502	-35.1145	-543.146	0.700252	11.5316	-0.105343
446.500	-17.30	6.46395	-34.8369	-538.941	0.700136	11.5315	-0.104511
447.500	-17.43	6.46356	-33.9867	-525.820	0.700094	11.5315	-0.101960
448.500	-17.55	6.46356	-35.5256	-549.628	0.700094	11.5315	-0.106577
449.500	-17.63	6.46365	-34.4488	-532.962	0.700104	11.5315	-0.103346
450.500	-17.69	6.46230	-35.0316	-542.092	0.699957	11.5314	-0.105095
451.500	-17.76	6.46180	-34.6641	-536.447	0.699903	11.5313	-0.103992
452.500	-17.84	6.46135	-34.8543	-539.428	0.699855	11.5313	-0.104563
453.500	-17.91	6.46031	-35.2495	-545.631	0.699742	11.5311	-0.105748
454.500	-17.96	6.45944	-35.3861	-547.820	0.699648	11.5310	-0.106158
455.500	-18.03	6.45856	-35.5445	-550.347	0.699553	11.5309	-0.106633
456.500	-18.14	6.45807	-35.6465	-551.969	0.699499	11.5309	-0.106940
457.500	-18.22	6.45713	-35.1380	-544.174	0.699397	11.5308	-0.105414
458.500	-18.37	6.45689	-35.0512	-542.850	0.699371	11.5308	-0.105154
459.500	-18.44	6.45635	-35.0587	-543.010	0.699313	11.5307	-0.105176
460.500	-18.50	6.45539	-34.8856	-540.411	0.699209	11.5306	-0.104657
461.500	-18.57	6.45472	-35.4395	-549.047	0.699137	11.5305	-0.106318
462.500	-18.65	6.45439	-35.6021	-551.596	0.699100	11.5305	-0.106806
463.500	-18.70	6.45351	-35.7232	-553.547	0.699005	11.5304	-0.107170
464.500	-18.76	6.45233	-34.8129	-539.540	0.698877	11.5303	-0.104439
465.500	-18.83	6.45191	-37.2505	-577.357	0.698832	11.5302	-0.111752
466.500	-18.91	6.45058	-34.8186	-539.775	0.698688	11.5301	-0.104456
467.500	-19.05	6.45070	-37.0696	-574.661	0.698701	11.5301	-0.111209
468.500	-19.14	6.45019	-35.2076	-545.839	0.698646	11.5300	-0.105623
469.500	-19.19	6.44928	-34.8063	-539.692	0.698547	11.5299	-0.104419
470.500	-19.29	6.44882	-35.5320	-550.985	0.698497	11.5299	-0.106596
471.500	-19.42	6.44840	-35.9751	-557.892	0.698452	11.5298	-0.107925
472.500	-19.50	6.44799	-35.0937	-544.258	0.698407	11.5298	-0.105281
473.500	-19.59	6.44756	-35.7042	-553.764	0.698360	11.5298	-0.107113
474.500	-19.66	6.44671	-35.3187	-547.855	0.698269	11.5297	-0.105956
475.500	-19.74	6.44594	-35.9966	-558.438	0.698185	11.5296	-0.107990
476.500	-19.88	6.44551	-35.1711	-545.669	0.698138	11.5295	-0.105513
477.500	-19.95	6.44500	-35.1405	-545.236	0.698084	11.5295	-0.105421
478.500	-20.05	6.44453	-35.2374	-546.780	0.698032	11.5294	-0.105712
479.500	-20.13	6.44419	-35.1802	-545.921	0.697996	11.5294	-0.105541
480.500	-20.20	6.44434	-35.2688	-547.283	0.698012	11.5294	-0.105806
481.500	-20.14	6.44290	-32.7923	-508.969	0.697856	11.5293	-0.0983770
482.500	-20.02	6.44096	-28.1462	-436.988	0.697646	11.5290	-0.0844387
483.500	-19.86	6.43702	-15.4268	-239.657	0.697219	11.5286	-0.0462803
484.500	-19.69	6.43337	-2.57716	-40.0592	0.696824	11.5282	-7.73147e-3
485.500	-19.56	6.42937	7.56408	117.649	0.696390	11.5278	0.0226922
486.500	-19.45	6.42653	13.6799	212.866	0.696083	11.5275	0.0410397
487.500	-19.36	6.42425	14.4581	225.055	0.695836	11.5272	0.0433743
488.500	-19.33	6.42287	9.48073	147.609	0.695686	11.5271	0.0284422
489.500	-19.35	6.42228	-0.723739	-11.2692	0.695622	11.5270	-2.17122e-3

[step]
Temperature Sweep - 2
Angular frequency	Step time	Temperature	Oscillation strain	Oscillation stress	Tan(delta)	Storage modulus	Loss modulus
rad/s	s	°C	%	kPa		kPa	kPa
3.14159	4.00381	-20.00	0.102136	457.386	0.647853	375841	243490
6.76836	62.6572	-20.00	0.102882	676.431	0.438888	602049	264233
14.5820	278.909	-20.00	0.0946073	700.645	0.433057	679594	294303
31.4159	308.479	-20.01	0.0603024	520.638	0.397071	802435	318624
67.6836	384.393	-19.99	0.0290319	319.856	0.295350	1056610	312071
145.820	401.889	-20.00	0.0182650	233.895	0.234348	1246780	292180
314.159	410.514	-20.00	0.0152060	213.707	0.200377	1378020	276123
3.14159	626.639	-14.98	0.101296	461.526	0.479621	410814	197035
6.76836	637.217	-14.99	0.102660	505.533	0.466296	446300	208108
14.5820	646.662	-14.98	0.100149	489.898	0.483047	440473	212769
31.4159	722.232	-14.99	0.0705452	478.175	0.403048	628684	253390
67.6836	739.940	-15.00	0.0345057	330.098	0.278618	921548	256760
145.820	757.440	-15.00	0.0225991	248.357	0.228775	1071290	245085
314.159	766.073	-14.99	0.0189223	227.144	0.211565	1174410	248464
3.14159	1014.31	-9.99	0.100848	365.772	0.482955	326603	157734
6.76836	1034.86	-10.00	0.102102	410.189	0.457789	365287	167225
14.5820	1044.31	-10.00	0.100001	451.312	0.438071	413383	181091
31.4159	1052.98	-10.00	0.0783891	424.932	0.401317	503080	201895
67.6836	1070.67	-10.00	0.0440260	310.432	0.325972	670392	218529
145.820	1088.16	-10.00	0.0287531	237.519	0.287278	793954	228086
314.159	1096.78	-10.00	0.0234808	218.299	0.271259	897268	243392
3.14159	1304.74	-4.99	0.100563	231.950	0.654762	192967	126348
6.76836	1315.32	-4.98	0.102076	285.054	0.574149	242178	139046
14.5820	1334.13	-4.99	0.102132	335.831	0.519932	291743	151686
31.4159	1342.79	-4.99	0.0877015	348.375	0.474881	358824	170398
67.6836	1360.48	-4.99	0.0552814	276.152	0.421793	460271	194139
145.820	1377.96	-4.99	0.0359250	218.093	0.375909	568255	213612
314.159	1386.60	-4.99	0.0285920	202.610	0.349378	668971	233724
3.14159	1602.71	0.01	0.0999882	106.113	1.06143	72773.4	77243.8
6.76836	1623.26	0.01	0.101504	151.580	0.882520	111967	98813.0
14.5820	1642.08	0.01	0.103508	207.742	0.743960	161027	119798
31.4159	1659.60	0.01	0.0970860	251.649	0.639831	218336	139698
67.6836	1668.23	0.01	0.0690601	229.962	0.555283	291117	161652
145.820	1685.72	0.00	0.0456404	191.928	0.488684	377820	184634
314.159	1694.34	0.01	0.0355431	181.581	0.444624	466811	207556
3.14159	1910.44	5.01	0.0993716	35.3263	1.75914	17568.4	30905.2
6.76836	1930.98	5.01	0.100285	59.0470	1.46661	33169.7	48647.1
14.5820	1949.80	5.01	0.102413	94.0841	1.20454	58680.8	70683.4
31.4159	1967.33	5.00	0.102908	138.767	0.992846	95691.7	95007.1
67.6836	1985.03	5.01	0.0858491	163.122	0.823642	146666	120800
145.820	1993.76	5.00	0.0596892	154.691	0.695816	212730	148021
314.159	2002.39	5.00	0.0453251	153.502	0.595393	290996	173257
3.14159	2218.53	10.02	0.0990940	10.2888	2.00253	4638.65	9289.04
6.76836	2244.09	10.00	0.0994222	18.4953	2.02894	8224.07	16686.1
14.5820	2266.91	10.00	0.100460	32.6855	1.86030	15404.9	28657.8
31.4159	2287.44	10.01	0.102186	55.4052	1.58945	28873.1	45892.5
67.6836	2305.12	10.01	0.0975571	84.8020	1.30911	52766.8	69077.5
145.820	2322.61	10.01	0.0777479	103.024	1.07341	90324.7	96955.8
314.159	2331.23	10.00	0.0593199	114.219	0.909766	142425	129574
3.14159	2547.33	15.02	0.0990549	3.64063	1.40189	2134.35	2992.13
6.76836	2573.92	15.01	0.0991144	6.08387	1.74004	3058.53	5321.97
14.5820	2592.74	15.00	0.0994420	10.6915	1.98219	4842.66	9599.10
31.4159	2821.09	15.00	0.100220	19.6578	2.04016	8633.01	17612.7
67.6836	3106.80	15.00	0.0994948	35.2808	1.87789	16667.0	31298.9
145.820	3157.41	15.00	0.0903807	53.5752	1.62374	31084.6	50473.2
314.159	3174.74	15.01	0.0743961	71.8055	1.36262	57104.8	77812.2
3.14159	3402.87	20.01	0.0990198	1.83129	0.911292	1366.96	1245.70
6.76836	3413.42	20.01	0.108982	2.97805	1.19657	1752.34	2096.79
14.5820	3425.88	20.01	0.120005	5.28042	1.50938	2430.24	3668.15
31.4159	3448.46	20.01	0.120072	9.03424	1.83017	3607.70	6602.70
67.6836	3466.15	20.00	0.119387	15.7287	2.05082	5774.20	11841.8
145.820	3483.63	20.00	0.114793	26.7416	2.08914	10057.9	21012.4
314.159	3506.98	20.00	0.104127	42.0141	1.97555	18222.6	35999.7
3.14159	3735.09	25.02	0.119895	1.47705	0.567514	1071.43	608.052
6.76836	3745.64	25.01	0.131961	2.04358	0.772117	1225.76	946.434
14.5820	3755.09	25.01	0.145034	3.22889	1.02141	1557.47	1590.82
31.4159	3774.66	25.00	0.149422	5.10851	1.30630	2078.18	2714.73
67.6836	3797.90	25.01	0.148313	8.11640	1.61212	2884.69	4650.45
145.820	3815.43	25.01	0.144870	13.7989	1.99453	4269.03	8514.74
314.159	3897.03	25.00	0.137447	23.3920	2.26578	6871.78	15570.0
3.14159	4121.15	30.01	0.149579	1.35867	0.375694	850.304	319.454
6.76836	4131.70	30.02	0.164528	1.78266	0.514995	963.260	496.074
14.5820	4141.13	30.01	0.180914	2.53494	0.690999	1152.75	796.552
31.4159	4149.79	30.01	0.197459	3.88831	0.917087	1451.28	1330.95
67.6836	4172.48	30.00	0.195854	5.65475	1.17148	1874.53	2195.96
145.820	4189.97	30.00	0.192127	8.79386	1.57019	2458.72	3860.66
314.159	4234.41	30.00	0.185510	14.4062	2.01325	3454.60	6954.98
3.14159	4458.54	35.02	0.197918	1.54117	0.229215	759.006	173.976
6.76836	4469.10	35.01	0.197897	1.74812	0.347065	834.517	289.632
14.5820	4481.13	35.01	0.197810	2.09099	0.482027	952.218	458.994
31.4159	4489.81	35.01	0.197362	2.67007	0.638264	1140.39	727.871
67.6836	4498.43	35.00	0.195705	3.47089	0.873772	1335.53	1166.95
145.820	4515.91	35.02	0.192398	4.95545	1.18415	1661.80	1967.81
314.159	4533.23	35.01	0.187036	7.50504	1.62388	2104.05	3416.73
3.14159	4755.07	40.01	0.197923	1.43707	0.157774	717.205	113.156
6.76836	4765.62	40.01	0.197894	1.55974	0.225688	768.832	173.516
14.5820	4775.06	40.01	0.197793	1.74014	0.323383	837.095	270.703
31.4159	4785.78	40.01	0.197315	2.05376	0.458022	946.316	433.434
67.6836	4794.38	40.01	0.195650	2.62688	0.615549	1143.39	703.810
145.820	4803.12	40.00	0.192470	3.18792	0.902932	1229.34	1110.01
314.159	4811.75	40.01	0.187743	4.40365	1.29033	1436.83	1853.98

